INDEX 0? PLACES.

7755555555, 051053, 192.
1755118155, 1755151105, 1105155515, 13, 28,

7155535555. 855175555155.
77555535155005555, 051053, 175.
1755μς5055, 17οῳ5515555, 051053, 172.
7755501, 110115, 98, 108, 115 120, 137, 138
.......... 055505 01, 150.

1755105 [15 1101555511 1115555, 73. 74, 89.
17515551, 1750551, 80555551, 333.
175151515775151515. 855 71551151.
1751550555. 855 17515511.

175155 115105. 8551155105, 775155.
17515555 111105. 855 111105 1751555.
175155511οῶ1, 7751551551, Puris, 051053138,

1751551051, 7751055015, 051053, 137 , 182, 198.
17511053, 1105155515, 24, 35, 441.
Wntlenborgh, 1751555055175115515551. 855
715111555050515.
17511151357755151151105, 011053, 171, 173,

17515553555515. 855775115555511.
75ω111ῗ11ῗέ1ῗὲῧ1], 7151550555, 110115, 99,

175111555050515 [151155555511 175115515551,
77511555055, 17535550515, 85101, 235,
241, 255, 231.

7151155. 85517551155.

175535. 85517013.

1755551155. 8551755151105.

175555. 855 770055.

7751001555. 855175500555.

17511013518,271511053, 80555551, 317, 331, 339,

55555515555555555551551555,
1751005555, somerset, 303, 343, 392.

7155131111 8555110511 7755115013, 051053,

wem, 77555, 17555 Burgus, U 5055
80555551, 273, 312, 323, 359, 337.

.......... 555505 553 51551515 01, 401.

1755555 [15 115155 Ε inopi 053 711551 ‚alias
75115515110155015, 80555551, .

591

77551151ἐ 771515, 77115151105155515, 18, 23,

1755151535 [15 nong Benton], 1751151535,
17515535, 17535153, North 053 80515,
1115555.. 59, 30, 82.

7755115003 [15 05511551, 1711555035, 1751155553,
1751555535, 1115555, 33, 73, 86.

1751553155. 8551710155.

77515555. 8551751105.

waldon. 8557751305.

1751355515. 8551711355151.

1751ἁοιίὲ7112151511515,4(ἓὸο51053511115,1105155515,

J ......... 8[Jn 5555515115555, 5555,

175151053, 7751551053. 855 77551053.
77555105. 855170115105.

7751555. 8551751105.

7751555105. 8551751155.

17511053, 1751151053, 1105155515, 24, 35, 442.
7751555015 015550505151 71511055, 110115,

......... [555151 51 11150110531805555501, 323.

17515555. 855 77511555.

77555155. 85577511151105.

17511015, 8551751105.

17511305. 8551751105.

1751151053. 85517511053.

1751151515. 85517001151.

7755551053. 855175151053.

775115515 [15 1751151 1751151515 5175115515 5,
811ἑ7Ξ11151515, 80555551, 7, 351, 337,

77511050. 8551711105.

175111515050515, 1751115155515, 17551151-
burg, 1105155515, 13, 27.

1751151105, 175115105, 85101, 227.

.......... 1751151105, 80555551, 325.

.................... 5155551501409.

1751151515. 8551751155151.

’ 77511055. 855 77515555.

17511055. 8551700155.
77511055, 77515555517511515, 1751555110115,
98, 107115, 138.

1755155515555 [15 85531053 Onam, wodor. .......... 7751555517515555, 7751555, 80555551,

15555, somerset. 2911313, 373.
1753510511 855 7700310511.

1753551555. 855 1755155515055; 771355-

17535557357305555551, 273, 322.

279, 313, 323, 377, 421.

.................... wellen, 055505 5535105515

. 5551113115,5555551555.
1 ......... 5050515 01, 323.

,,,,,,,,,, Ρηῂθῃᾱ, 01, 415Ι 411Ι J .......-., 051553551555505 01, 417, 418.

WOdOss. see Woedon Befik (ludwoedonLoyfl. 1 “““““““““““““““““ 1¹ Ρῗῗῖθῃὼ zinga-41⁷.
170305 51 71515515. 85517553055015. J ········· θ11177110111701ι l·
wodryngton. sawiddrington. J ·········· o1ty01,418.

17535153. 855 1755551519, ·········· 1501501118.

7755305 8501, wadon, northam, 30· ········· . 0555551555) 01, 413.

7755305 1515, 770305, 7755305 71515551, J ·········· ³ub'dm0‘5,⁰¹'tl⁶'h J 396
175305 51 15515515, 1105155515, 15, ·········· 81477117111717 ⁰· ·
21‚40‚445. 1 .......... 5505555555555555.

77551 [in 810 5551], 17115, 7711, somerset, ' .................... 5155551501414.

282, .352‚393· .......... 11551 [now 81. Thomu 8155511 1151-
555115, Eut 7751115, Eunu, 80555551,

......... 81. 15555505, 1711, 80555551, 555101
01, 401 307, 351, 337, 382.

 

