ΜΟ

01100010, 1110101000, 0110001. 00011001,
0010001. 001001, 1000, 180.

.......... 1100011110, 160, 170, 180, 808, 808.

........, .....,..,101001,180.

.......... 11001001, 180. 180187.

........., night, 180, 187,194.

......... amm, 01 8100001110, 10. 0110111,

.......... 01111010, 809.

01101100οο010. 810011110010010.

01111000, 801ςο 110, 228, 229.

01111000οω10. See 0111110000010.

0111000. 8100111000000.

01111010, 110010 000 01, 448. ’

.......... 1000 00001, 110, 128180, 189.

.......... 110100 000 01, 10.

.................... (10111001, 1.

.......... 11100010 000 01, 220.

.......... 1100011 100 01, 18, 101, 120.

.......... Thomu 000 01, 110.

.......... 01111010 10001, 94, 108,107,109,188.

011110010010, 0000010010, 0111001001, 011-
100010010, 011010010010, 1111100010,
1801811190.

.......... 1000110, 170, 180.

.......... ἓέοῗὲἓὰ 110, 100, 100,107,177,184,

.......... 0111100190.

0111000000, 0111000, 001000, 001000,
1111811111 11111 ’11111811

.......... 1000 de, 27, 00, 449.

.......... 11100010 (10. 109,112,114, 110,117,
118, 119, 120, 128129, 180181.

.................... 100 younger, 110.

.......... 1100011110, 28, 181,

0110110010οἑ700110000100 [00. 801001], 01101
0, .

01100100100, 011010 110, 244.

011100, 001100, 101000 do, 804, 809, 871, 880.

0100000000, 010001000000, 0000000001οο,
0000001010οε, 0000000010οο, 00.
(1100000101, 00001 01, 100100, 181, 188.

0100011101 (0101001000, 00010010), 00,
80010001οω0, 01100 01, 102, 100, 281,
289, 298822, 8111880842.

...,001101,8,11.

.......... Ηο010, 011000 01, 870.

.......... 01101 01 81. 80110100, 828.

0101000111. 811 0000000010.

0100010010, 0000010010, 0000000010,
Hannon, 200.

......... ,mmm 01 1100100110Ιο, 0081000111.

.......... 1010000110, 010, 011, 010.
.................... 0101000100, 00. 80100, 209,
101 100

.......... 1110001111 110, 288, 208.
.......... 01111010 110, 288.
010100, 00000011, 00111 01, 10.
010100100111. See 0100001101.

INDEX OF TENANT&

0111000, 00110100, 001100, 01100 , 00-
11011100110111. 0110101, 90, 107 , 111, 127.
128, 143, 141148, 100.

1110000111, 80101110, 240.

01000010, 1000, 190.

01111010 [1111010 00. 800101101], 01101 01, 877.

0111000οο 8100001000.

011100. See 0011100.

011011001101101100000, 1101011110, 11100010 00,

.......... 01111010 110, 122.
01001001000, Hugh 110, 221, 287.
0011110000οί011, 0000100000. 811 Wodryng-

1100010110, 893.

0011000100, 1000 (1000.
0011000100, Ηο010110.90, 118.
0000100110, 80101110 10, 280, 838.
0000001000. See Wydmerpole.
00001100, Ηο010 110240.
00110100. See 001100.
00001111, 00110101, 1000, 881.
.......... 1110111111, 48.

.......... Thomas, 48.

00001101, 81100110, 811, 808.

0001000100, 110110010ος010, 0001000100,
ζ1ἆο11111000100, 001010 110, 01. 08, 78,

Ν.,1000,1101001, 82, 88, 84, 80.
.......... 110001 (10, 07, 00, 01.
.................... 1111100010, 11110 01, 82.
0011011. See 0011011.

00000, 1000, 102.

00100100, 00101100, 80011100 110, 12.
.......... 10110 (10, 18.

.................... Sam, 1111001, 18.
.......... 8000100, 14, 80.

.......... Thomas, 180.

.......... 01111010, 80, 02.

william 110, 40.

0011, 1000011. 1000, 40, 40, 440. See 0100
110.

0000100000, 00111 100, 001000100,
110010 de, 288, ,822 848.

00111101011000, 10110 (10, 278.

0011100ἧο, 00111001001100011110. 97, 107.

0011011001000110. 22, 48, 440.
.......... Thomu, 440.
00010121211000208 00010000, 00. 80100, 01101 01,

0001100110. See 0110111011.

00011011, 10110, 447.

0010011ος [10 1100010101 00. 8010011111,
00001100, 0110101, 800, 820.

00810οἑ8001101000, 1110001οι 110, 118, 114,

00101ἒόοο000, 10100 de, 0111010, 001,

.......... 11101001 110, 10.
0001101, 1100011, 00.
......... Thomu, 00.

 

