ΜὋ

Upon-cont.

......... 01111111. 1111111, 111111, 01111, 31111),
217, 231, 242, 254, 233.

......... [1111111 salop, 221.

......... 111111, 0111111111,111111,0 111111
11111), somerset, 233, 294, 331.

......... 771111. 31111111117711111.

......... Ἄξήῗῇι), 77111111 1111111, 811111, 237,

11111111. 1111771111.

1

V

vagg [(111 (11ἓὶ11ῗὲ11 11111111 GilgeffiehF
1111131111311 17117

7111311111. 3117711311111.
7111131111. See 3111, Old.
7111111111. See 11111, Old.
71111111. 311171111111.
7131111111. 311171111111111.
711111. 31117111111011111111.
7111111111. 81111111111111.

INDEX OF PLAeEs.

Wnlington. See Wnllington.

7711111 [11 71111 7711111,1111111.,59.30. 32.
77111111111111, 1711111111111, 1111111103.
.......... 1111111111, 150.

77111121ῗὲ1 [in 1111111111 17111111111, salop,

1711111111[11Η1111111],7711111111, 771111-
111, 1111111.. 54, 55, 35.

7711111111111. 3111711111111.

1711111113ἑί1 71111111 1711111111, flamm,

17111117. 'See Bridgewalton.
......... [in Κί11’1311111], 1111111111, 42.
......... ἐξ 1111111 1111111111, 3, 19, 47. 442,

......... [1111111111 11111, 111, 111.
......... [11 77111111], salop, 233.
......... [11 8113113111 77111111, 31111, 232.

⁸8 ,,,,,,,,,, (111111, somerset, 290, 317.

,,,,,,,,, ssflqn Qrdnnoffi somerset, 305, 324, 318,

......... [11 KilmondonJ, somerset, 273, 310.
323. 355, 387.

17111111 [7 in 311111 st. David] somerset,
305, 349,,384.

771111518111ξ111121ὀ111111], 7111311111, 111111,
1711111111. 73117711111111.

7711111111, 77111111113, 1711111113, 111111-
1111, 47, 443, 443.

1 7711111111,17111111111,17111111111. somerset.

‘W

7711111111, 17131111, 1111111111, 50.

1711111. See 17111111.

77111111. 31101111111111.

171111111[11311(11111], 1711111111, 17111111111
[1111111111],11’3, 192.

171111111, 17111111, 1111111111, 18, 25, 45,

1111111111 umam. 1111011, 11111111.
11111.. 11, 11.

7711111. 3111711111.
17111114711144ξ1ᾞ11 17111111, 1111111111,

......... [11 0111111111, 17111111, 0111111, 135. ,
[in North Lydbury], salop, 233. 1
......... [1131111 17111111311111111, 329. 1
.................... 11111111, 411 (bia).

77111111 [in 171111111177111111, salop, 223.
171111111111. 31117111111111111.
771131111177113111111. 311171111111.
77111111. 31177111111. =
walopull. see walpulo. 1
77111111, 111111. 103.

.......... 111111 11, 149.

walton! [1111 11111111131111 [1111111131 244,

111μῗ71έ112ἳ11ἱὲ1ὥ1111μ1, 1111111,

277, 309, 319, 321, 354, 333.
.......... (1111111111, 1111111 11, 395, 415, 413.
1711111111, 1711111111, 7711111111, 111111·
1111, 4. 19, 41, 443.
7711μὲ11131 [21137111111111117111111113111111.
op, l .
Wappinghnm. SeeWappenhnm.
Warborough, 1711111111, 0111111, 171.
7711111111. 3117711111111.
1711311111, 111111, 93.
17113111, 7711311111. 311 17113111.
wardon, 77111111, 11111111, 55, 84.
......... ἑθ1111111, wardon, 1711111111, 20, 39,

17113111111[1101111131], 1711311111, Ox·
11111137, 175, 186.

1711111121),7 172ἳ1ἐ311111, 17113111, anthad, 205,

.......... 11111111, 210, 211.

77111111. 3111711111 and 77111111, 01111111.

1711311111. 31117111111111.

1711113111111, salop, 220. [Cp. 77111111
Eoum 11 771111111111].

1711111111[11Β11111111],7711111111,1111111.,

7711118167111111, 17111, 771111, 11111111, 33,

17111111111. 3117711111111.

77111111, 171111111, 1111111111, 12.

1711111111771111111111, 1111111111, 3, 19,40.

.......... 1711111111, 17111111111. 1111111,
32, 33, 77, 33.

 

