INDEX OF JURORS.

110110, william, 426.

111110, John, 01 110111 01111011, 125.
1011011111, 1101011 00, 274.
20101001, 7711110οι, 240.

1111, 1101011100 111, 292.

1111101, 7701101, 425.

Tutor, 11101011, 230.

Tun, 11101010, 182.
711101111101011, 0110100101, 124.
Twygge, Philip, 430.

1111011, 1010, 175.

1110110010, John 00, 200.
1111101, Thomas 110, 90,

171111, william, 421.

11110, 1111101οε, 283.

110101011, (1001110100, 280.
.......... 1110101110 00, 280.
1110101011, 11011100, 284.

U

0101100100, 1711110111, 258, 261.
7110000, 1101011, 294.
0110000010, 11101010, 208.
Umber. Roget, 01 1101010101, 77.

..-

70110, 1101101100, 291.

Vnus, John 00, 0101111, 101, 111.
700001, 1010110, 207.

70111111, John, 110 younger, 433.
7001101, John 10, 97.

7110100, 1101011, 272.

711011. J 010, 303.

7111111, John, 427.

W

7700011101010, 181,
170111000. See 77011000.

1101001, walam, 1111100 00, 111. 000.

7701011001, 11010100, 283.
17011100100, Philip 00, 241.
1701101, J 0111. 01 1701110100, 204.
.................... 01 00000101, 204.

1701101010, 11101010 00, 231.
77011000, 1711111000, 111010111, 430.
.......... 11101010, 421.

.......... 7711110111, 424.

17010010, 1101010424.

77011010, 11011011, 424.
170110100100, 110101100, 239.
770100, 1111101110, 181.

.......... John, 0117110101000, 390.
......... Thomas. 52.

Wardhough, william, 82.

17010011, 1101011 10, 280.

1711110, Philip, 425.

.......... Roget 111, 273.

770110, John, 01 Β1110110111, 00, 01.
1701001011, 1111110000, 230.
1701010010, 11101010, 175.
1711100110,Τ101000,01 01110100, 139.
7701010, 110111, 280.

1701100. See 17101100.

1701110, John, 420.

1711110, John, 428.

7700, Elius, 279.

170110, 1101011, 420.

77010110, 1101011080.

170Ιο1010, Phillip 00, 280.
1701001000, John 00. 297.

77011, william, 291.

7701010111, 1101011οο, 280.

170110, 111011110425.

1700101, 1101000257.

7701111011111, william 00, 310.
7701100, william, 179.

7701101100, Hugh de, 50, 51.
7700110111, 1110101000, 294.
1700001010, 200.

.......... Thomas, 419.

.......... 7701101111, 240.

77010, John, 421.

Wetwunge, 11011010,οῖ 1101101000, 77.
171010Ιο1, 1710101111, 17101101, John, 139.
........ ,11101010 419

77101100, 17011011, Ηο1111110,94.

.......... 11010100. 101.

.......... 11000082.

171110, 771110, Ρο101, 01 (1011ος1010, 125.
........ , Thomas, 79, 419.

........ , 1110101οι, 00.

1711111101, 1711100010, 11101010, 258, 261
17111100, 1711100, John de, 242.

.......... Thomu 00, 242.

........ , william 00, 241.

1711101010. John 00, 183.

171111111100, 1101011, 427.

. ........ Thomas, 427.

17111100, 1110110111, 420.

1710000010, william, 203.

william, ’11010110 000 01, 217

17111011. Seewhitton.

 

