454

30111, 31111, 24.
311110. See 3110100.

31111111ἔ1011111,311111,0011101011111(οἰ0) 30,

.......... 1011131216.

.........,113101, 10, 13,14,15.

301111, 71111395. ’

31111. 80031111.

, 3111100. See 30111110.
30101, 3111113, 130.

3113, 9003101, 42.

31131111112111110, 194, 199.

Bolon, John, 323.

31111110. See 01111110.

31111110, John, 139, 382.

.......... Γ1101111251.

··················· &mmmmmmffiffffiffffi ·w

.......... 1711111111, 230, 235, 300.
3011013, 3111113, 151.

3111111111. See 3010111111.

Barba, John, 370.

.......... Thomu, 11 4111111111, 423.
31110311, Roget, 14.

31111111, 1311101110, 70.

3111301010, Thomu 30. 246.

.......... william 30, 218.
301301111911110111, 5.

3013033111, 96, 102, 113, 122, 135.
.....,...11111, 113, 122,128,135,170.
......,301011,101,121.

.......... Thomu, 104, 105.

.......... william. 42, 91.

31131111 (cardoun), John, 28.
3110111111, 3111111111, 3011111111, Drev. 171.
........., 30111113, 193.

.......... Thomas, 177, 193.

.......... william, 154.

30111οπ01110 [11].3111130, 107

3011111111 38113111106301111, 01. 8111101001, prior

3111111, 31111011 3011111, 30111110, 30111111,
(10111111 49, 449.

...,,3111123 448.
.........,31111, 18, 47, 128, 447418.
.......... 11110110 30, 112, 120, 127.
.......... 3111113 30, 12,13, 18.
......... ,111ἔῦ1101130 11, 25, 33, 47, 95, 112

31111113. See 30110111.

3011011, 30111011, 31110111, 31101110 30, 24.
.......... 0010103537.

.......... 11011 30, 441.

.......... 1111111110 30, 35, 444.

31111011. See 3111111.

301111, 30014101.

Bam, walter 1110, 331.

.......... william, 93.

3011011, John. 192.

3111111 ’11111ἒο1111 31111111. 8111101001, num

INDEX OF TENANTS.

31111, 30111, 141100, 22.
.......... mamad, 132.
james, 120, 132.
.........,.1011,104.

111110 30, 312, 310, 325, 339, 358.
......,,30101,17.
......,.., 311111, 101, 120.

3111113, 92, 339, 377.
........,311011,16,28.
.......... Thomas, 110, 110, 129.
301110101, william, 192.
Baton, 3011011, 311111, Alam 30, 352, 393. ’
.......... Hugh 30, 164, 178, 190.
.......... John 30, 188, 196, 245, 251, 352 308.
.......... 31110111 110, 281, 308, 333, 352.
1111011 de. 117.
31111111. See 30111111.

311110133030111010130, John, 200.
.......... 2010131192.
Bam. See 3111111, 1111111111.
3111111111, See 3110111111.
3111111101. 3003101111.
3101011111, 3110130, 30, 231.
.......... walterdo, 218.
310001, 30101, 1411001111, 297, 298.
.......... 33111113, 297, 309, 354, 381.
.......... flaviae. 170.
......,.., Hugh 30, 00.

3 ....., 101101, 1111001110

John, 31. 46, 11101111, 101, 101.
300, 111, 111, 011, 310, 311, 310, 110,
......... ,333333 of wodeford, 10.

.......... Peter, 214.
Philip, 150, 290

3331313131, 3111313333 111311313130313111.

.................... 11111 1111011121, 133ςειο
111011101ψο11.

.................... 1101111111, 444.
.......... 3111113, 25, 26, 444.

.......... 3110119.

.......... 110ςο1, 310. 331.
.................... 11111, 1111011, 315, 337,
........., Simon, 347, 380, 381.

.......... Thomu, 125, 348, 357, 381.
.......... 1111111311.

Β100111111111,31001110111,3010111111111111,310·
0111101110, 1411110130, 110.

......... 44,113111411111014830, 0, 16, 23, 28, 37, 48,

3011113, 1911111111, 229, 444.
Βυμςὲιξωμμι, 3111111100, John, 1111111,

.......... 1010111130, 213.

.......... william 30, 001107. 208.
31111111311111, 3011111, John, 324.
.......... Walter, 73.

.......... william. 181, 329.

31,1010111 3010111110, 1111130, 324, 419.

 

