524 INDEX OF JURORS.

31060, 11100016, 427.

3100, 30110, 432. .

301011, 3000, 427.

3001010010, 1110101160, 01 111001000011, 239.
.......... william 60, 239.

301110, 3000. 426.

.......... 11100116. 422. 426.
........ . 1100011, 140.

.......... 20101426.

.......... william. 0131100111, 139.
30000110, 11010016, 203.

300061, 3000, 176.

30111, 111οο0100 60, 289.

310110, Ηο011,430.

3101101016, 2100016, 421.

311010, -, 01 2001100οη10, 396.
.......... 310010, J 000, 436.
3101101100, Ηο011, 286.

3110101, 3000, 432.

speum, william, 260.
3101000010, 1110001110Ἰ 160.
3101101010, 1110οο100 60, 294.
311101, 3000, 290.

.......... 1111100267.

3100016, 3000, 422.

3100111100, william, 0101001100, 139.
31001016, 11100016 60, 216.
.......... (1061111160, 102.
3101101016121111010, 140.
3101101100, 3101101100, Hugh, 264.
.......... 1100011 60, 239.

......... william, 433.

31000100, 2001000, 140.

........, 01 31000100 1111001010,139.
310010, 31010, 3 000, 436.

.......... 2100016, 423.

3101100110, 3 000, 430.

3101101100. See 3101101100.

31010. See 310010.

3101000, 1100011, 60.

3111011, 310100 60, 97.

.......... 2001011060, 97.
31000161100011, 84.

31010, 01001100 60, 288.

.......... 3100016, 262.

11010160, 179.
310100010011010160, 272.
310010100, 300060, 243.
31001100, 3 000, 419, 429.

310110, 300060, 239.

31011011, 2000100, night, 419, 429, 432.
311061101, 2611016 60, 336.
311001011001100010, 11011, 239.

31101001, 2001000, 80.

3110110101, 3000, 430.

0111010106 atto, of 1110111101, 10. ⁶1·
311110100110110160, 236.

30110600, almund, 282.

.......... 1111110111, m.

¹ 800001, 1100011. 01 0101100, 209.
, 3010, 3000, 286.

301100, Stephon, 203.
1 .. ......,11’1111001,139.

310010, 3000, 181.

3100100, 30110 60. 239.
Ι 3160001110, 110οο1160. 280.
, .......... Walter 60, 277.
1 3101.11101101610,276.
s 31100100, 2000116099.
1 Smer, 11011011, ffl-

,f

20111001, 2011101, 3000, 422.
.......... Roget, 01 11160011, 266.
......... 110110110. 276.
.. , william, 421.
.................... 01 12011001, 86.
2010001, 10010000, 284.
210001, 200001, 3000, 430.
.......... 21100100, 429.
.......... william, 420.
20101001, 3000, 268.
.......... menard, 253.
2011016, 11100016, 208.
2011101. Su 20111001.
200006, 1111000, 288.
200000, 2001000, 236.
2001016,111111001,277.
20010, John, 273.
2000100, 1100011, 291.
200011100, 2001000, 0111101100, 268, 261.
2000110000, 3000, 01 01010111 1110001, 139.
2001110, 1100011 0110, 363.
2001000, 2001000, 269.
2011010101, william 60, 207.
2110110100, 3000, 01 (1110110100, 139
2011101010, 3 000, 276.
201, 1110110110289.
2010011011, 301000 60, 281.
2011, 20110016, 426.
2011οο111, william 60, 206.
200100, 3000, 419.
20010, william 60, 274.
2001, 110011, 298.
200000, william, 79.
210000110011, 281.
210000, Walter, 433.
2100111001, 2000100, 268.
2101111010, Adam, 99.
2106001060, 3000, 419.

¹ 0011011, 111101... 100.
1101, 11011011. 211.

⁴ 1 211110, 110011, 462.

 

