INDEX OF JURORS.

A

1111110, 301111, 237.
,411011101130111 172.
11111101, Simon, 0130110, 206.
Am, 3010160, 292.

140101, John 60. 239.

.......... John 01 3100101, 266.
.......... 7711111160, 260.
1661111111), william 60, 98.
1110030111, 79.

11601016, Thomas, 264.
1160111011, 101110, 1110 younger, 244.
11601, 36111116, 86.

,........, John, 86.

111011, 111011, 1ο111,431.
.................... 0130111101, 139.
.......... 31011116, 160.

.......... william, 266.

1410010010, Thomas, 363.

110110, 1701101233.

1111100101, 30101160, 01 3011101, 240.

Δ1, 7701101110, 296.

116011, John 60, 246, 276.
111011171111011, of 1101600101, 139.
111011, John, 427.

1111116011, John, 363.

000010, 301101. John 60, 160.
.......... 11011011 60, 160.

.......... 1110110101 60, 163.
Antonio, 3011011 60, 272.
1011011011, Roget 60, 242.
monne, 31011116 60, 239.
1101010, 11110101, 31011016 60, 176.
.......... Roget 60, 242.

10101, John 60, 244.

11101110, 30111, 426.

Audulph, 16011001 01, 240.
11101011, 30111, 421.

1001011, 3011011274.

14100110, 3000, 30111, 420.
.......... 1111111100 60, 316.

*—

B

' 0000111101000011, 1101001011.
.......... 31011016 60, 294.
306111, Adam, 86.
3060101111, John, 427 .
316101101, 11101160, 280.
310110, 3010060, 297.
311111, 10110118.
.......... 7711110111, 438.
3111, 31011016, 436.
111100. John, 262.
311101, 110111, 428.
31111101, 7110110060, 273.
301611, 7711111111, 426.
3011101116011, 289.
30110110, Roget, 236.
.......... 1110001113.
3011011, Thanna, 420.
......, 7711101, 267.
311101, John, 013611111111, 86.
.......... 31011116, 139.
3111006010, 11101100, 01 3111111111, 139.
30101, John, 79.
3011110101, Thomu, 01010101, 166
311101, 1110110100 60, 298.
.......... 301016, 84.
30100, Adam 60, 298.
300010 3011011, 139.
31000, John, 61.
3000011101, 3 0111, 182.
1100011010, 7700101, 181.
3001111, 6111011, 438.
31101110110110, 140.
301110, 30111110 01601, 423.
30111011, Adam 60, 94.
31110, 3 0111, 426.
3011600111, 6111, 426.

Ι 311111, 31110 60, 183.

· navent, 3011011, 298.
numer, John, 80.
311111, 31111, 31011116, 01 171110, 267.
Thomu, 202.
.......... william, 663.
Bas, 3010110, 298.

 

