516 INDEX OF JURORS.

081188, 1711111181 88, 239.
0818, whom· 8818, 244.
0818181, 771111818,290.
08188, John, 81 1188811888, 200.
081181818, Philip 88, 284.
1181188818, 1111111818, 280.
08181, John, 82.

.......... 11188118, 84.
0881181,ἷ1’881818,288.

081818, walter, 298.
0111181818, 088811, 177 .
eruut, Hugh, 288.
0181181811, John, 82.

018811, 01811, 11818188, 97.
.......... Thomu 88, 18.
011881188818, 081881188, 279.
018118, John 88, 242.

.......... 01888111, 280.

01811, 11188818, 182.

01888, william 88, m.
(111118. John, 182.

01111818, 1188811, 427.

01188, 01811118 88, 94.
011181, 0111181, 11188181 88, 318.
.......... william 88, 283.
Grypo, John, 422.
011881,11881811,200.
0118181118, 11188818 88, 270.
0188188118, Julian 88, 288.
0118118, william, 281.

D

01181, Thomu, 139.

0818, 11188818, 119.

088811. 8880811811.
0811181, 0881811,1188811,810188,124.
.......... ’1881811897
018181108181, 181.
0881811. 1711018181.
01111. John, 29³.

0811, 771111818, 79.

08118, John. 122.

0881. John 18, 182.

.......... 17111188118, 182.
0888, 0811188888, 100.
.......... 1811888. 280.
................... 18 the. 178.
1181181118 88, 183.
088811, 018818, 8118811118,20”.
.......... 01811818, 288.
088188, Thomu, 185.
08188118, John 88, 335.
08181811, 0818111, 18118111.
.......... 01888181, 212.

0181. See 0181.

088, 1888, 241.

.......... Thomu, 8101118188, 280.
1188181188, 0881188, John, 288.
.......... 1188888, 210, 247.
0881881188, 0188818, 420.
088881888, 7781111188, 294.

081188, 17111118,11ο.

018181, 1888, 203.

01818818. 01818818, Ρ818188, 280, 301.
0111811, John, 81.

.......... 0881811881.

0888818811, 08881188, 242.

0181, 0181, Hugh. 81 08181111, 217.
.......... 01881118, 420.

.......... 7881888287.

01811881, John, 174, 178, 183.
01181,171111881, 274.

0

0818188, (1881118188, 289.

0811. 8880118.

0118888, John 88, 239.

0118881811, 7711111181 88, 124.

011. See 0118.

0181111, 01811818 88, 279.

01181ω2ὂ801ὢ111188, 771111118. 81 0888881188,

011811, 08111118, 433.
01181181. 8801181181.
011188, John, 79.
0811818881, 081118 88, 206.
01811881, 8188, 82.

01818188, 1118818888, 181.
0118, Γ1888181, 81 7781188, 80.
01181188181111, 84.
.................... 188 18118181, 84.
0118. 8111118888.

01881818. 188888, 213.
011818188, 171111818 88, 288.
011181. 8111188818.

0188, 11188818, 81 Η81188, 280.
.......... 1711181 88, m.

011811, 1181888188, 80, 81.
1818188811 de, 243.
01111188, 1188811, 72.
0181818. 08181818, Hugh, 272.
.......... John, 298.

.......... 1711188291.
0181881811888, 182.
0181181888, 11111188, 121.
0181118188. 818118188188.
011188, John, 419.

 

