INDEX OF TENANTS.

2011111111, 1701101110, 235.
20111011, Roget. 448.
2011, 9110310110, 296.
......,.., 1111111391.
.......... John 10, 341. 342, 390, 391.
.......... 1101111 10, 302, 303, 341, 342, 391.
......,.., ........, 1010 01 110100101010, 303-
2010010, J 11110, 347, 380.
201111004ἒο51 300011, 01 0100101100. 11011011.

20001101, 2111101101, 'heheu 2011101101, 2001101, ⁴
300011, 208.

.......... 21100100, 204, 213, 219.

.......... william, 169, 179.

2011111010, 2011311011, 1100011 00, 68. 70, 77.
20111, 2111, walter, 90, 98, 106107, 112, 116.
20111, 11111100,οη101. 01 3011100011, 260.
20111001. 3002011101.

201111, 1110110111 00, 161.

201011 (uic). See 20111110.

20110111. See 20001101.

21001, 1101111110, 290.

21011010, John 00, 444.

.......... Stephon, 39, 169, 440.

2101111, 2101110. 2111111, 1111029.

.......... 00011101,12.

.......... 1110101010.

.......... 1701110012.

.......... 1711110111,12.

2101101011. 3002010101011.
210101ςο011210101111011. 300210101111011.
2101010, John, 49, 01.

2101110. 210111, See 2101111.

2100110. See 21011101.

210100, John, 273, 281. 289. 293, 300, 311.
........, dives. 278.
.................... 1111110126.

.......... 70110010.

2101110110. 2101110111, John, 01 1000000100
(1010101011), 00. Commu, 434, 436.

.......... Margaret, 364. 394.

21011111121010111. Ηο101111101,349, 384.

21011011. John 00, 62.

2100110111, william. 33, 30.

21000011, 10011011,00.1101111111111111.Ε111110110’1
and 1111111110 1101110110 in, 149.

21011101, 2100110, John. 366. 388.

2101οὶςὲἑ1ἐιὲ1ὲ1010110011. 2101011100 30011,

. 1 .

........, John. 342. 343. 370, 376.

210101. 3110211101.

2101111, John, 74.

21111, 2111, 11011000, 320.

2111100. 21111000, 211100, John, 161. 100,
1841831811.

21101, 0111100140.

211100, 211101, 210101, Agnes, 340, 360.
.......... 1400101100, 364, 390, 393. 394.
John, 160. 177, 344364. 390.

.................... 01 0111111011, 430.

'friat-com.
..., Peter, 302, 394.
.......... 1101100110, 308, 308, 394.

.......... 20011100, 164, 193, 319, 332, 334, 330.
362, 309.

.......... william, 278, 279, 281, 300, 301,
344, 302, 390.

.................... 001011, 11110 01, 281.
.................... the 01001, 308, 303, 394.
.................... the younger, 300, 308, 302,

21011110. See 21011110.

21000011. See 2111111011.

hm, 2110111110, 01 2010001011, 436.

21011011, 1110111110 00, 103, 121, 130.

21100011, 21000011, John. 32. 33, 416.

.................... 10111100.

.......... 1101101100, 31, 446.

.......... 2011010044, 40, 46.

.......... 1110110111, 1, 2.

.......... william, l, 2, 9, 11, 21, 24, 20.

211100. Sec 2111100.

2111001011, 1110110100, 167170, 180.

211101. 30211101.

21101101. 3002000101.

20001111οἰωὲ &dggssm' 2110110111, 2000110111, heir
0, , .“

John 00, 274, 443.
.......... 01110100, 316, 320, 330.
.......... 300011, 339, 377.

2111. 300 20111.

2110101100, 11010100, 223.

1 2011110, 1100011 00, 14.

2010011111, John, 77.

ἱ 21111101, 2111001. 300 2011101.
1

21111111, Turpius, 1110110100, 80.
, .......... 21101000, 00, 73.
¹ 10101, 11111101, 110.
l 2111111Ιέ ,Ἢνῖἓ 201011 (uic), 1110110101 de,
ug .
.......... william 110, 1Ι 4.
211111, John, 319.
2011111. See 20111110.
mmmmm [00. 01000101,οω10101,

211110, John, 40.

2101021010. 30021010.

21000010, J 01111, 36.

2100100, 2101011.. Sca 2111011.

21000ωο1011. 3021011111οη0.

21010, 20100, 21010. 21010. 21010, 211111,

1101111. 107, 169, 170. 171, 180.

.......... 11011111, 74.

21110011, John 00, ll.

211011. (1001110100, 02.

21111. 30021111.
, 2110000101, 2110100001111, ’20111010001111
Ι 2110100100, 270, 284, 296. '
Ι .......... 11001, 11110 01, 270.

211101 [12011011 1110101. 76.

 

