1152

1100101, 1100010010. See 11011101.
1101ος11. 8001101101ςο 110ος011010.
1110111οἒ3, ἐξ 110101ος1001 110101000, 80001-

101001ὲ300 0001011111 1100000,11111100.,81,

10110οἓ8110 1030001 1100000, 11111100, 71, 1

INDEX OF PLAOES.

111οο0010. See 11100010.

1110103101. 8001100108]οφ

11100000. 11000010, 1111100010, 1110001,
011010, 107,169, 179189.

Ι 11001031011110105101,111010801οἔ0, Εῃγῃξ.

ῗὲζ, 1100101101, 110110, 9, 107, 11 ,
, 0110101101, 100.

11011100 [ἰο 0001100111 11011101, 1011010010, 1 8100100. 800 1110001100.

011010, 166, 170180.
1111110101, 1010110010, 1101100010, 30.
1100100, 1101100010, 2, 21, 32.
11010110. See 1101101100.
1101001010. 800 1101111010,
1101101. 8001111001.

1001000100οα010 [10 1101100101101 11011101·
οὁ160οἓἑ101311. 1010101000000111, 11111100..

010, 011οο, 100.
1101000ἂο [21ἑ1911110100010101 110101001100,

11011000 [10 111000 8011000111111100, 11111-
11010800101001, 309, 304, 380.

101100, 1111100, 08, 81. 90.

......... [10 1111010101 8011101101, 291, 301,
324, 348, 381.

......... 25[ἒ1011οῃ 10 01001 110001 salop, 236,

11000010 [10 0110111001 001010, 108, 170.
10000111 800 10011101.
8000013318ςο Ηο01001 1111010001, 1111100,

1100100 [1081011001 110110, 106, 114, 137,
......... [10 11001011 11111010, 70, 88.
11001101 [10 80010100001 1100001111,

1110100.,01.
1100103101. 800 111001031ογ.
1010310100. 800 1111031001.
1101101. 800 111101ςο 1100100010.
1101000130. 80011010οο10οφ.
10100000. See 11010000.
11011110ςο 80011011οἱ311 1100011010.
1001031010. 8001101100.
1000111011110101010. 8011100010πί.

rethor-tumbam. Fothinnmhaugh. See
Futhomonehnngh.

¹ 110001 [00100010111001 Oxrord.

1110101100, 1110101100110110, 100.

1111100. See 1101111001.

11110, 1111100, 80101), 231.

1111011000, 11110100, 1111111100, 1111111001000110,
80001001, 272, 291, 330.

.. ........ 0110100014100110).

....,..., 11111100 10031010 (nic), 80001001, 330.

1101110111 [by North 80101001 1110101111,

110110101110101010, 111000.. 61, 79.
Flodborougb¹¹¹ 11000111101110110130, 111011·
......... 11101111 111 ¹³²⁶·
Fletweyton. See 1101101100.

1111011010 [0 1110100 80110001 111 11010
11101010, 80001001, 309, 304, 0810. ⁸

1111011100, 110110, 92, 93, 101‚103‚ 120, 121,
122,134,130.

........., 111011101001101011 01, 140.

1110010, 1110101101100010, 7. 21, 34.

111011011οο [ἰο 1101000111 1101101100, 11101-
1101100, 11111010.. 73, 74, 89.

1 81101010,1111011010. 800 1111011010.

1111011100. 800 1110111001.

1000110101, 1001103001. 800101100031101.
1100101000. 1100111111ος000.

1101011, 11010011. 8001000007.

Fololond. 8001001110οἀ.

101010101100. 8001010001100.

10100101. 800110101001.

1101011011. 800101110110001 1111111011.
101100001. 00010100001.

11010, 110100, 11111100., 07, 64, 87.
.........,1’0100,80101,230.

......... [10 110100 11011010111 80101), 218.
......... [10 0011011111, Ia 110100, 80001001,

11011001 [10 8101011001 11000010, 011010, 169, 1 pm 32, fflhfofd,

1110011οκ1οο 11100100, 1100103100, Ἐγὼ,
&tymim 80001001, 308, , 302,

1111010, 1111111001111100, 1111000, 1111011100,
001011161160, 180, 189.

......... ,[10 11000001 111ἔο0, 1111100100,
1111100000, 167,1 ‚m

1111111010 ungrani. See 1111011000.

1111100, 1110011100. 800 11111010.

11111100Ιὲ10 11ωο0110111 1111011030, 011010,

11111100. 300110110οω.
1111100. 80000110101011.
1100000, 11110000, 1101110010, 29.

1 1010001011ἕί0 0101101001 (11011, 80001001,

316, 31331382.
Forentum, 1101010011, 011010, 168, 199.
Fornberghwe, Forneberwode. 800 111001-

1011 ,
10110010, 11010010, somerset, 279, 323.
.......... 01111100 01, 396, 397.

1100111011. 800110000111111.

1011110, 110111ιο1110, 22, 43.

1101100 [10 1100110101801011, 210.
11000011ἓὲ 1000111 11010010 110100, 011010,

110100ιί0300, 1000110101, 110011ος101.
1101100010, 23, 46.

 

