464

0110110100101101110. 800 0110100111.
0111311. 800 0110110.

0101111010 800101110101.
010111011011, 185.

01011011, 3101110100, 2.

010101010131101011, 0110μο, 01οζ1011,
01100οῙ i
ι 010101ἷο8ἓο, 0101010010, 00. 011010, prior 01,

010111, 0110111, 0101ἷ, 0

010111, 0101311, 111100, ο
ton, 422.
.......... 11011110 00, 342, 338, 375, 373.
.......... 1110101110 00, 299, 322, 342,
......,..101142 196, 224, 320.
.......... Ρο101 00, 4.
.......... Roget 10, 238, 254.
.......... Simon, 328.
.......... Thomas, 196.
.......... Walter 00, 319, 323, 349.
........, 1711110100, 250, 254, 289, 389.
........., ......,.., 1111001, 389.
.....οπ ....... 01 80110110001101000101,

.................... 01 0011111101, 303.
.................... 111311, 419.

0111011101, 3010011100, 168.

0110100110. John, 334, 392.

.................... 01 3013013111001, 438.
.................... 0111011110, 434.

0110101, 0110001, 1011113311 373.

0111100101. See 01111101.

0111101101, william, 38.
0111101ὲ802101101,0101101, 0111101, 0111101100,

.......... 11101010 00, 289.

INDEX OF TENANTS.

01010, 0111011110, 0011 [01 1101110101 5.

j .......... habel 00, 132, 135.
3 .......... 11101110 00, 331.

0101011, John, 151.

Ι .......... 1101100, 136.
1 .................... 110 younger, 126.

’ 01010100, Margaret, (1101000 01, 36, 37 39,

47. 422, 429.

Clam-ing, Claveryng, 14101, 70.
.................... 100101 11110 01, 70,

¹ .......... 10111110, 2, 19.
¹ ........, 801011, 89.

, 0101101, william, knigbt, 84, 85.

010010. 01110, 01 0, 01101, 00. 80101001.
0110101, 3, 304, 333, 342, 347, 391,
1193430431.

0101001, 1111111111, 9.

0101011, 01011111, Thomas 00, 71.

........., 17111101, 89.

² Cleobury, «101100, 250.

0101, Thomu, 370.

1 01011,010110110,1011, 2, 12.

.......... 1101011, 01 1100101, 14.
.......... 81101, 5.

01010001. See 01110001.
01011010, 1110101110, 287.
0111001. 800 01110001.
011801101111010, John 00, 09.

. .........,Ι11011110“00, 3.

.......... 1010100110000000111000. , 1111111, 100, 101, 119, 110, 111.

.......... Walter 00, 317.

01111111, 0080101, prior 01, 233.

01111111, 11101100, 250.

0111001001, 8101010 00, 332.

.......... 11011011, 212.

01101ωθὲ4011110101, 0111101011, 10111110, 309,

01011010101011101. 800 0101101011.
01101111, william, 337, 389.
christion, 01101101, 11101010. 31.
........., 1101011, 10.

.......... Thomu, 31.

0111101111, John, 01 4101110100, 437.
0131101. 8000111101.
0171110011100101011, 1101100, 394.
.................... 01 1111101101, 439,
011001011101, John 00, 182.
.......... 10110100 00, 182.
0111010101. 800 0101010101.

01101000101,01101000110,011000001110,011000110, “
0110000110, 00. 0101000101, 0110101, ¹

ffissmmmmmm
0101001011 10101.
cun-w, 1111111, 011.

; .. ........ 3030100, 243, 253.
Ι ..,,,.,,, Walter 00, 224, 245.
1 .................... 110110, daughter 01. 800

1101ςο01010.
.......... 1711110100, 14, 216, 243.

“ 0100110101,οΜ 1, 01, 100, 100,

109121, 123, 133135.
0111101, 11011100, 444.
.......... 1100 00, 225.

.......... John 00, 228.
......... 800 0100 (1111101.

01110. 800 010010.
01110001, 01 0001, 01010001, 0111001

1111101 00, 348, 354, 381, 380.

³ .......... 111.1.111.,11,101.101,011.

.......... 311110 00, 345, 384.

.......... John 00. 294. 301, 305, 319, 321, 324,
323, 343, 348, 354, 355, 357, 358, 368,
379, 385, 386, 338, 433.

.................... 01 80100, 00. wiltu. 435.

1 .......... 1111111011 00, 300, 321, 323, 343, 347,

357, 379. 381.
.......... 1101110110 00, 307, 352.
0101101, John 00, 333, 382.
.......... noga» 00, 317, 339.
0100000101. 800 0101101101.
010ος1101, 10111,10.

 

