· 534

3031011011. 800 3110110110
3111011131311111131111,110110,07,107,115,

3111113, 31111130 Parva 3111113, 1101110110,
13, 23, 37, 447.

33111301013111113001010, 80101, 231.

31113130. 8003111113.

3110110130, 110110, 98, 113, 139.

.......... 3031011011011101101, 150, 151.

311101 [11 10001171 11111111, 72, 70.

31103021430111013301, 80101001, 0101011 01,

31101ιοΐὲ11 1013 8111011 31111011, somerset,

31131011, 110110, 91, 102, 103, 121, 133.
.......... 3113111011, 0111101101, 140, 148.
3110002133 [11 1101111011 31110000101. salop,

31111111. 800 30011.

3111101. See 3011113101.

3111113. 800 3011113.
311110]5[118(511101101101131110101,11111111, 55,

311101, 311101 J 0100 800 311101 10100.

INDEX OF PLAOES.

3103301116108101111131011310130111111111,
......... 1111010301, 8011101001, 312, 325, 358,

3101011101101. 800 0111101101, 31101.

3111 11011301. See 31101103301.
3101001101301. See ballenon, 31001
3101301, 31010301. 8003103301.
3101010ιά. 800 310011013

310111οὄ, 31000110010, 1101110110, 15, 21 33,

310100010 800 31011111

3101101001. 8003101111001.

3101011 31133011), 80101001. 8001031113.
3111111οΞ31ἰὶοῇ 3111010110, 1101110110, 18,

31011111 [11 31110101 3111100010, 801101001,

3100301, 310301, 8011111001, 323.
.......... 0111101101, 401.

3100001, 31000111. 110110, 95, 112, 127.
31000100001111. 800 3110110111.
3100101010. 800310101101.

3101110010,310110131000310131101001101,1310011133101ἰ931001001101,001013,157,]70

3111013, 205 209 212.

.......... 0111101101, 210, 211.

3110100101. 80031010101010.

31010100001111. 8131011011.

31011011 000110, 0011101310001130101, 233.

3010101010 [11111113 01 11011001101310110100-
101, 801101001, 327.

3101111011 [11 303111101011 310010100001111,
31010100101111,31001ιιιρο00001011,801101-
001, 304. 324, 347, 380.

31011011ῃὲ111 1311311011 3101100101, 80101,

3100011101. 800 3101110010.
31010100001111. See 3101111011.
3110110133ιι mgb 53310111013111111 3001101013,

311101103, 3111011030, 3111011ογ0, 331111ογ,
801031, 213, 234, 243, 254, 233.
310011. 8003110011.

3111101101), 3110010130, 310011011311
31013, 011013,170,170,200.

······· 0331111, 310311011ομ “m

.......... 37101013, 01111011 01, 202.
310011133633160301013, 8011101001, 290, 300, 318,

............. ’ ...3110101111

Μωῶἒ1ἔὲ303110101 3101010111, 80101001,

31001103301 [1181011013110111 3101 3011301,
11111111, 53, 34.

3100111011, 001013, 133.

31000100010. 800 310100101.
310301, 3103010, 001013, 103.

310301. 818193101301.

3101111001 [11 30110110110131011010011010,
3101101001, 11111111), 55, 84.

31000111. 800 31000111.
310111ξῶ11 11010101 8011 310011010γο, 801031,

31011011. 800 31011111.
3113, 31130. 800 311111.

3110101111, 31000100101111, 31100001111101111·
1110. 0. 27, 42.

31011οω,310111010,3100011,001013. 159,
103,173,19,7 317.

3110000111. 8003110101111.

311111, 3113. 110110, 107.

.......... 31130, 0111101101, 150.

3001013. 80031011013, 11001.

3001013 801010 110110, 30011130. See 3001.
1013 81. 11111.

30011113. 800 31011013 30111011.
11001013. See 30011013 81. 11011.

3033113113)ιὲιί9 331131341Ϊέ. Botynden, 1101111011ίο,

, Ι 3030010311. See 3111101311.
3030011110. See 3110011110.

30310010, 011013, 133.

30311. 800 31310.

3031100101. 800 30101010.

3011100111). 800 3110011110.

30001. 800 30010100011110.

3010111. 80031010111013.

3010101ἕέ 1133101013 00101011. 800 3001101ιά
m.

3010111111. 800 31011011.
3010111111. See 31011011.
3010101. 800 3011311101.

 

