546

0111111111 8110111111ομ.
οω131ἑ1ῗ9οἶἱ111111, 0111111111, 1111111111,

01111111. 811 0111111111.
01111111. 811 0111111111.

0111111151, 0111111111, 0111111151, 0111-
ἓξὲδὲὲ 98111111111, 275, 304, 334, 3411,

.......... 1111111111, 405.

01111111011110, 171, 170, 192.

0111111111. 811011111111.

cros-mah 0111111111 011111], 0111111111
11111111, 011110, 171.

0111111111 0111110, 0111111111 0111110,
&amer-0, Crowmemho 0111110,
0111111154, 171, 200.

0111, 01111, somerset, 300, 344, 334, 434.

01111111. 811 0111111111.

01111111111111111. 811 0111111 1111111111.

011111111111. 811 0111111 St. 11111111.

0111111111, eramen. See 0111111111.

011111. 811011111181. Thomas.

011111 11111111. 8110111111111111111.

017111111111. 811011111181. 11111111.

01111111111ἒ8ξ131ῧ11111, 0111011111, 811111-
111, , .

.......... 11111111 11, 398.
οω111111ἰ5οιἰ13118111, 0111111, 111111, 98, 108,

.......... Rokenoy, charchas, 150.
010011113111. 811 1110011111.
0111011015)ιόἱ 11311οω0111, 0110110111, Ι011110,

0101111111. 811 1110Ιί11111.

01011111, 1111111 and 0111. 811 8100113111,

Upper.

0101111111, 0100111111, 0101111111, 97111111,
8111111111, 283, 315, 331, 337, 389, 432.

.......... [11111110 11, 410.

01011111. 811810011311101111.

013111101111111. 81101311111.

011111), 8110111117.

0111111, alicu 11111111, 1111111111, sanor-ot,
295, 303, 342, 391.

01111111. 811 0111111111.

0111111111, 0111111111. 811111111111111.
0111111111. 8118111111.

01111. 811111111.

01111111. 8111111111.
00111Ξ1Ίξοὲί111111, 0111111111, 1111111111.

011111. 8110111111 Hay.

0111111. 811 0111111111111111111111.
01111111 11111111. 811 Templooombo.
Cumbhmyo. 8110111111 noy.

0111111111 011011. 811 compton Dundon.
0111111111111111. 811 01111111 011111111.
01111111 martin. 811 compton 1111111.
011111112[11 Witney]‚ Crotobmsse, 011110,

0111 111111 (Mutet). 811 &my 1111111

INDEX OF PLAOES.

curipole. 811 0111711111.

0111111111, 011111111. 811 8110113111.
carry, Cory, somerset, 11111110 11, 417.
01111, 0111, 1111111, 8111111111, 325.
.......... 11111111 11, 418.

.......... 1111111111, 409.

‘³⁰⁷¹' 1111110111 1117131111111
424

.......... 0111 111111(111),ο1ιιω1 11, 410.

0111] niven, 0111101111 111111, cury Byvoll,
8111111111, 291, 314, 330, 338, 372, 424.

.......... 1111111111, 410.

Currypool [iu 0111111111, 0111111, 01111111,
0111 11, 01 0101ἑέ8111811111·
111

0111111111. 81181111111111.

011] 1111111. 8110111] 111111.

Ourypoul.. 811 0111111111.

cury nyvell. 811011111111111.

Cusington. 811 Conington.

0111011111, 0101101111, 0101111111, 0111111111,
0011111111, Samma, 296, 302, 334,
341311), 431.

......... and Luxborough, 0101111111 11
Iophon, 1111111101, 407.

0111111181111011181111 cadalum, 011110,

01111111, 01111111, 0111111112.
0111111131. 81101111111111111.
0101111111. 8118101111111.

0111111. 81101111111.
011111111111111111. 811 0111111111, 0111.
011111. 811 0111111111.

D

01111111. 8110101111111.

0111101110. 8110111111111.

01111111. 8110111111.

011111ςς11191ὸ 041 111111, 011111111111111111111.

Danyloy’. 811 011111.
01111011ηέ1144111111111111 0111111111, 1111111-

Dulyngton. 811 hallington.

Dumodyl. 8111111111.

01111111, 01111111, 111111, 109.

011111[11Ρο11111110], 0111111011 01111ἷ111,
0111111011 01 Amyn· (Arreym), 01 111-
111 011111, 11111115, 57, 58, 80.

01111117, 01111111, 1111111111, 30, 37.
ΜιΙογριθἯὲῖγὲἃξὲιᾶἓ, Dnllyloy, 31111),

0111111111. 81101111111111.
0111111111. 8110111111111.

0111 [11 8111111111, Dono, 011110, 185.
0111111111 [11 01111111],011οι1,111111111.,

 

