INDEX OF PLACES.

1110163606 [11161·,11οιι1] 1001636011, 11003113
don 1166166.. 64, 66.

...1103111106 0110111. 172.
.................... 061110601202.

11006 1113111[1ιι 0606663616] 11060116, 011016, 1

11106601633[1133(31103ιι31311110], ]1106611111, 6011101006,
60066030, 11066ορ0 6101031244, 249, 267.

Ειι6610106[1111100111]11061110100.110611101006, 1

somerset. 274, 616, 338, 376.
11006011, 11060611016601160, 26, 46.

.......... 1106011, 6011101006, 3101101111 01, 416. 1

11006011 [111 33331303ωο1 1106011, 6011101006, 624,

...3 ...... Aaou, 0661060011 11001030 Ι

6106060440610116101011,11161000606(110),110166-
0116060 46 46 446.

600600311330060131311061100606106011,11016601110

11006011, 660110. 600 660110 1110606

11006110 [near 60666 Βιοιι6061],110666ιορ3,
3113161303, 6011101006, 601, 622, 646,

. 1111061006, 6060036, 110610 116.
.......... 11061011, 06610601, 140.
Fatua, 11606, 110660, 97, 107 , 116, 136.
.......... 1136011, 066106 01 160.
.......... prebendas, 162.

1106011 Constantine. 106011 0006066111,11606
313ιὸ6011636, ,60106 219, m, 237, 246.

mmmmm ΒιἭι, ιιιιιιιιιιιιιι
1610001960 9697, 994.

1161116011. 600 6111636011
116116360111,11(113113060111, 11661116, 69.

ι 1106006060,Εά6111060110.600111101ιιιιοιι.

6616163313 1111001606110660, 109, 116, 1234,

1160160600,11(161606000,110660,106.
.......... 11111006οι10, 066106 01, 160, 161.
1166011011, 600 1160616011.

1163113606. 600661636011,

1101600606. 600 Holpaton.

1160111 600 1406110111.

13011011. See 1113606.

11301606. 600 11310106.

113011161ιὰ611. 600 1111361066.
1133616011, salop, 262.

1133011011. 600 61136011

1133000Ιο. 600 03306010
11330061133.600110110611(130.
11330601160011113606

11310606, 11301606 11661066, 617.
Ε36066011,110660,96,107,116, 136.
.......... 066106 01, 149.
11316111. See 41016001.

1110116011. 6001106011.

11101163. 600 1111111113.

= 11106011, 1116011. 6001106011.

¹Eland. Sec 1061016116

11160106 6[111Η661011], 1111060100, El 60136,
66060136, 6011101006, 612, 6618, ..419

1110101160070110111.

1110031.6001110111006.

manley. 600111101οι.

1 1616,οι ιιιιιιιιιιι, ιιιιιιιιιι. 24

ιιιιιιιιιιιιιιιιιιιιιῗ ιιιι 0601001 6610011010, ιιιιιι 100.

111606 13133306 31331363 [11166010 upon ’101116 1160111

...0,116106 01, 149.

1 1111066100,1111060136.6001116010636

1141011 3133361119 111111ῑῦ61θῦ] Em 0110111 ι 1100600606. 600 11101011 Combe

10601110, 1060031. 6006006161.
Faton, 3313103136οἵ3 11101011, 61606, 1101660601

1116011 0006066111. 60016600001106066160.
6600011160. 600 06001660.

6106010166. 60011611μο166.
monton 600 1116010606.

1101006010. 6001606010.

monton. 60016000.
100001166061630016

¹ ιιιιιιιιιι [ιι ιιιιιιιιιιιιι, 61

1116016160[111111361110011], 1111016166111,601ορ,-

ιιιιιιιιι [ἰιι ιιιιιιιιιι, ιιιιιιιιιι, ιιιιι,

220.
ιιιιιιιιιι, οιιιι 174.
ι ΕΙ10110166[1], Ε110110166ι. 600 1111101663.
“ 1111006166111. 6001111016610.
6111636016, 1113636061, 11661116, 69, 79.

ιι, 11113113·

6011,6113116011,1166616.,,63.77,64.

ιιιςιιιι, 3313336330 ιιιιιιιιι ιιιιιιιιιιι, 10, 1 ιιιιιιιιι summme.

1113610611,630161111(1611,60103,222,227.

6101333Ἥο3136 1010616

601111310311066166, 116127
3101101111 01 162.
1111636011 [111 61161016] 11661116, 67, 66, 81.
......... [16 1100111606, 61116106, 1113636011,
6011101006, 290, ,617, 649, 666.
11011113ιιοι66[1ιι 6006610661 660101661160110·
133133133330601110166, 60,ι1101001, 606 818,-

,1611363106 1111361011. See 1111163606.

11161, ,103331303336610 60601006, 277, 619, 666,

11116611630[16 0006016111],111111011330 [1701-

000601], 264.

1 111610. 600 6161.

11111110ιί33060061111611630
6116163606[161“ιο0606],111613113606,1101660660,

1116001611.160011106011001116ο.
..1110110111 1110010160011016166198.

 

