affl

Bykoombo. See 1110001110.
1111011111, 1111010111. 8108101001.
1111011110. See 0101101101.
8110111011, John 10, 317.

81101101, 1110110110, 229.
21101100, John, 30.

211010, 1101101110, 110.
Bynopowoyo. 1110, 290.
81113111112111300111111. 8102110101.
3100001101, 11101100, 290.
8111101101. See Biddleoden.

Ι 0

00100111. 0100010011.

00110010, 00110010, John 10, 317, 300.

.......... 1001010010, 290.

00111011, 10. See 0111001111.

00111110101, Ηο11011, 01 8101001011, 00.
81100, 202.

0101. 00011001.

0011101011, 1101101110, 112, lm.

0010101, 1110110. 250.

0111011, John, 121, 133.

0011011011, 11000110 11 (stc), 04.

0111011101, huram 10, 238.

0011011011, Ellis 10, 304, 324, 348.

0111111011, 10111 (10, 00.

001110, 1111101111, 313, 309, 371.

0111101,110011, 1111 0111111111, 00. 8011101101,
vicar 01, 400.

.......... 111111101101, 400.

01111011, John, 49.

0011101010. See 0110011111.

omnen. 8110011101.

01111010101111, 48, 01, 447.

.......... 1011101200.

.......... 1101011, 23, 28. ’

.......... Thomu, 48, 197, 198, 199, 448.

campania, 01111001101101101110, 18, 27.

001000,ωο011 de, 240.

cumpo Floridv, 0111111110οτ, 1101111 (10, 301,
322, 348, 384.

.................... 10011 Fit: 1111101, 11110 01,

unffi&

.......... William (10, 294.

01101110 01111101.

Οωὼξξοιὲθὲωγυςωιι, 00. 8011101101, priorem
, .

01111010001111100011 1000011111ορ0.
0101011111] (Cannarum), 01101 01, 171.

INDEX OF 1111118

ω111130,ῃῖοἒ113111ἕ, 0011111110, 01111110, “

οο 0, .

.......... 1111110011 10, 93.

.......... 1110110101 10, 117, 130.

.......... 111011011093.

.......... william 10, 110, 101, 100, 184, 1811
222, 236, 239, 240, 284, 288, 316, 388.

0011110, 01011110. See 0011111111.

0011101011. 010011111111011.

01001010, 0ορ001010, 00011101 10, 348, 381.

.......... william de, 305, 324, 348.

· ommnffifiossssssuml' 0011011011, Hugh, 229,

.................... Julian, 11110 01, 245, 250.
.......,.,10111,290.

20101, 169, 318.

.......... 11101011, 223.

.......... william, 224.

0011000. See 11011010.

ζ 0011110010. See 0101101111.

00101110, suffit, 1101011, william 10, 338,

’ ............. 1 ...... 01 101101, 423, 428.

0110001110, william (10, 238, 240.

001100, 01101, 240, 250, 251.

10300234.

(10110100, william, 48.

0111101110, 1101111110, 321.

00111010, bishop 01, 116.

.......... prior 01, 00.

0011111, William. 48.

0011111111, william, 84, 80.

.................... Agnes, 11110 01, 80.

0011010111, 88.

.................... 10111, wife 01, 88.

00110110, 1110111, 09.

0111110101, 0011100101, John 10, 70, 79, 81.

00111111, 0011011, 1101111110, Κο11011, 11011110,
11011110, John, 447.

.......... 1100100384.

.......... William 10 11 0110, 17, 39, 50,
441, 447.

0011111111, 302.

.................... 01 001110101430.

.......... John. 01 1110101, 434.

........, Ρ111110,372.

010. 1110110111, 371.

0011011011, 0011101011, 11ῖο1111110, 205, 214.

001110, 00101110, 47, 443.

0011101011. See 0110101101.

0010001111, 0010011011, 101111 10, 348.

.......... william (10, 305, 348.

001010. See 001010.

0010101111, 1110101101, 0110111111,
111ὁ18011011111101, 1110110111, 192, 193197,

.......... mm, 111, 101, 101.
00101111, 43οῶοη100000, 01101011 01, 80,

01101111, 01100111, J 0111, 30, 38, 39.
01110010. See 01111011.

 

