INDEX 01⁴² PLACES.

8010111οΔῗοιοὴο 1110110. 800 8001100100

8010010001οο 000010. See Smington.

· 801001000100 1110100110,80100100101001110
800 80011001οο 81. 11101001.

801100 [108110010711101110010 15, 21, 40.

801100, 011010, 156161.

80110100, 011010, 160.

8010010. 800 81011011.

800100. 800 800100.

8100001100. 800 8101011οο

810110054[11ἐ6110111010],8010111011, 11111011,

8101011ἑ1ζ16001 0001001001 8101011010, 80100,

81101γο000. 800 0100100000.

8101000100. 800 8101011011.

810111010. 800 80111010.

8111101οῧὸ 880ῗῖ001111, 81000101, 80001001,

.......... 010101000 11001000 01, 404.

8101001100[10 AlvintonJ, 8010101011, 80101·-
001100, 8100011011, 1111101, 71, 72, 88.

81001010. 800 8101111111.

81011000. 800 81011000.

81011, 801011801ὶο, 311.

81011οη, 81001οη, 8010111011, 80101010
(sic), 80100, 216, 222, 227, 236, 231,
248. Μ 270.

810110ιέ0 [igffiitginglffl] ξ1οὲ1ἑ10161ᾆ87170110·

00, 11011, m .....

8110010100 [in 110111 Ρο11011011], 8100001000,
80100100, 8011101001, 278, 301, 345, 365.

81001 ςές111010101 80010, 80100, 243, 254,

81010100, 80100100, 8010101110, 81001011,
323an ᾖ(0111101100, 80100, 215, 232.

8101001100 [10 (01101οη 0110010000010101
0101001100, 80101010100, 8101010100,
80100, 223, 238, 255, 265.

8100010, 8011011010801011010, 110110, 91, 102,
101122, 1341

.......... 01010101, 146.

8101011011, 8010001100, 8100001100, 8101000100,
011010157, 169, 170180.

.......... 8100001100, 001101 01, 201.

81101100, 80101100, 110110, 100, 105, 110, 132.

.......... 010101 01, 144.

810110, 80100, 232.

8100100. 800 81010100.

8100001000, 011010, 185.

810001100. 800 8101001100.

8110010111. su 81101010.

81001011 8000010100. 80100100. 800100, 810
10118010 1100 (010), 8011101001, ,
306, 315, ,340 365, 360, 389, 402.

.......... 8000100, 0111101 01, 410.

00100(80100100,80110100)110001, 801001001,
204, 300, 318, 340, 365, 300.
.......... 0111101000 11001000 01, 397.

581

8100100 Mon ‚ 8011101000 1101110011,
8100100 00100000, 8011101001, 287, 327.

.......... 8001011 1100110101111, 010101 01, 308.
81010100100, 8110110100. 800 81111100.
8101000010. 800 81101101οη001.

8110011100. 800 81010100.

81111010, 011010, 163.

811100195οὲΜο Ιο001010, 80100, 234, 213, 253,

81010100, 8010110101, 1111101), 68, 72. 88.
81101101010 [in Warborough]‚ 011010, 171. ·
81111011, 81111011, 011010, 00110101, 212.
810111οἕ100 [in 11010011], 801010110ωο,
1111000100, 011101).,89, 60, 81.
811003168013ῗέ01ιο10, 81001010, 800101001012,

.......-., 801001001, 0111110101, 401.

81101010, 011010, 170, 176.

81101ογ [10 0010010010 1111011), 70, 79.
8110112ἑὲ0 0101011011 8110001001, 80100,

8110100 on 01011100, 8011110100, 81101000,
011010, 150177, 195.

81101οο 110001 W 0111000, 8011 100, 8110100,
011010, 181, 165, 18518

81101000. 800 81101011 00 01011100.

8111110111, 8011111010, 81111010, 8111010100,
011010, 171,175, 192.

8111110100001 [in 810110 Β111010], 810101οη0110,
110111001022.

8111111010. 800 81011010.

81010οω0100, 011010, 165.

81101100, 80101001, 11110111, 54, 85.

8110110ιέ9[11ὲο8ἱο60061ςο10έέ]. 80101100, 11111011,

1

81000100. 800 81010100.

8101010100, 801101101ομ, 80100, 215.

81101101οη (8010010), 01010100 01, 258 :—

81. 1111010110 (Sancti Alkemundi).
81. 0100(8011011 000001.
§.Mu-y.

8111101001.

81111100 [in Stogmoefl, 8011010100, 8011011010-
100, 81010100100, 8101101011, somerset,
2813083111, 0583914115.

81111010, 810111010, 8011101010, 8111111010,
011010, 108175, 185, 180.

8101170οω11. 800 8101100100.

811101111111,2ἓ11011011,8γ10101011, 1101110010,

811101100[10’11ο10101101], 81101100, 81101-
100, 1101110010, 47, 443, 448.

8111101011. 8008110011.

8151111010. 800 8111110100.

81100οῶ11ὲοἕέοΞ 1011101011. 81110100, 80100,

8111111011. 800 8111011011.

81101100. 800 8111101100.

sibeton.- 800 811000.

8101000131ἓο[113681101001018111010 Templo,
0 , .

 

