INDEX 08 JURORS.

11110, 1111, 11111, 811, John, 01801100, 50, 51. 1 8011101. Adam, 80.
.......... 1

1701 10, 294.
.......... william 10, 188, 289, 294.
81100, John, 205.
.......... william 80, 241.
.......... 8100111080, 177 .
81100 11 1100011101, John 80, 285.

F

8000010110, 80000010110, 8010180. 282.
.......... 1100100140.

80110100. 8008011100.

8011, John. 258.

80101011, 81111000, John, 175, 207.

.......... 1101011207.

8011108οο, 80101180, 90.

80000010110. See 8000010110.

8000001011,9 8101001, 01 01011111, “101101,”

80181000. See 80181000.
80101οη1010, 1711111101, 185.
80000, John 80 10, 290. ’
.......... 1101011 80 10, 282.
8001111, 1101011, 84.

.......... Roget. 80.

80110001, 8101000, 421.

8011010, 11801008, 50.

810101, Hugh, 281, 284.

.......... william, 01 11011110, 292.
8111180, 8111180, 801000 80, 287.
.......... John 80, 178.

81112080, william 80, 248.

81101, John 10, 280.

8111, John, 419.
110111011,10101,010101000,181. ’
81111700101,10110, 179.

8111 william, Thomu, 179.
81010101, 17111100, 01 11010001, 50, 51.
81010101, Philip, 289.

811111οῳ, 801011 80, 204, 200.
81011, 8100110, 8101018, 51.
.......... 701001100 80, 284.
80181000, 80181000, william, 258, 201.
801101, 801101, J 010, 177, 181.
Fonte, 8811018 80, 278.

800101, Hugh, 287.

801001, 8100100 10, 244.

80180, John. 488.

.......... 8100100 80, 241, 288.
.......... 171111010 80, 284, 127.
8010011, 11001180, 288.

' .......... 801011, 01 88010100, 88.

.......... 80101, 269.
.......... 8101001, 259.

.......... 1711111110, 257.

8011101, 800101, 1001111.

.......... 1711111110, 258, 25].

8010010, 8010180, 247.

8100111100, 801011 80, 182.

81000010, 810000010, 81000001, John, 420.

........,’1’1001110,99.

.......... 7701101, 82.

.......... 7711111110 10, 278.

8100101010, 81000101010,7010, 179.

........., 7701101, 290.

.......... 0011111274.

8100110010, 81000001. 800 81000010.

810001010111. 8008100101010.

8101180, william, 480.

8101100. 101080, 297.

8101000, 80101110, 01 81001011, 208.

.......,,, 110101010111110101, 258, 281.

81000, 10111100, 242.

8101011011, 80111180, 182.

810108011, william, 202.

810010, John, 424.

8110, 11111011, 420.

80111, John, 1101000101, 285.

8111180. 800 8111180.

8110101, 7131501, 01 810001100010, 0101-
0100, .

11010100010, 101.

G

0010100, 10111 0111011100, 121.
00101010, 80101 80, 292.
0110111010, 88.

.......... Thomas, 88.

00101101, 1110010420.
0011018, Simon, 279.

0000011, 1010, 259.

00110101, 10111, 488.
00181001, 801011, 808.
00111100, 0018100, 1011101811, 285.
.......... 170110180, 285.
oudini.. 8101110080, 100.
0011008, J 010, 488.

0011, 8101000, 888.
00100107100100 80, 248.

001, 1408101110, 179.
00111018, william 80, 97.
001000, John, 420.

00801100, 1010, 424.

008101, 1101011, 428.

 

