00000 00 000000.

801100. 800 8001101.

801101016. 800 800010011016.

Bolum, 801000,1111001., 09, 81.

80100, Qut, 80160000, 80016000, salop, 222,

Bolas, &5110 [10 (1000180101 Belem, 80100,

8010010. 8008010010.

8016 [10 00100 Boua-011]¹ 80100, 218, 231.

801600. 8008001600.

80160000, 80080100, (10001

8010110110, 106.

.........,01000101,152.

801011001. 80080110 Ηο101.

Bolum. 80080100111110.

80100011. 8008010011.

1101000110, 80100011. 800 80100101.

8011001011. 8008001ομ10.

801106οο. 8008001600.

1101100600. 800 80000600.

801000. 80080100.

800010. 80080000.

800108010, 801103101180100, 226.

80000012), 001οο6, 164.

80001000 [ἰο FiddingtonJ. 80111000100,
80111000100, 8061000100, 80000001,
308, 352, 894, 436.

80007001οο. 8008011008000103100.

8000010. 8008000010.

80001006. 8008001006.

norman. 800800000100.

8000000010. 80080010.

Borovyneshogoh [21011010010018000000 0·
1000, 8000000007, somerset, 314, 816,

80000600. 800800006οο

80000011ήό00 (21, de 00010110, somerset, 332.
800008110. 800800101.

8000600, 8000000600. 800 80000600.
8000100. 800800100.

8000001100. 8008001100.

80001010, 800101. 8008000001.

800010021ἕᾶ0 ι([Ξξ3οἑ80010011, 80010100, 80000001,

8000010, 8000010, 800 800001.
8010100100. 800 800100.

00001000000000, 00000, 00, 00. ·

8011000011, 801100001011, 8011000011, 110110,
98, 108115, 138.

8011ίο00100. 800 80001000.

8011006εο. 8008166100100.

801101, 8011011. 800 801101.

80100600, 8011051000. 800 80661ος100.

80001006. 800 80011006 11001000.

800600, Pam. See 8000600, 111110.

80001100, 8010100,800100,1100110010, 11123.

110081010000 110011ογ), 1100110010, 18, 25. 44.

80001100, 80010100, 8001100, 801100, 801100,
110110, 108,122,134, 136.

8001600 [10 11166101 ], 80110600, 80110600,
8016008600, ,245,251,268.

80016000. 80080100, (10001.
80000. 800 801000, 8001.
800010. 8008001ογ.
1100001000.ι 800 80001010.
8000100. 8008000100.
80001008οδ1 [10ἳὲ001 80010011 80001100,
o ‚ .
81001, 800100, 001006, 162, 183, 104.
.......... 8100, 8001100, 80000001, 824.
......... [10 1100000601 800100, (10001 aud
01010001οο0, 166171, 186.
8000100100. 800 800100.

5 8000600, 111110, Roudon, 80000, 1100110010,

800000. Eut [in Bridgmter]. 80000, Est
80000, Godwynesbouro, 80000001, 300,
3441104434.

8000600 [10 Lmen, 8011006οο, 11110010, 64,

8000011 [10 810001, 8000010 [80010],169.

800001, 8000010, 800010, 80001010, 800101,
1100110010, 14, Ab.

80000110010. 800 110010 80000.

800011ογ, 8000101, 8001010, 80001010 Vetus,
1100110010, 2, 4, 19.

.......... 80001010 Nova, 19.

8006600. 8008006000.

800660ογ0. 800 800600, 80011.

8006600. 8008000600.

8006000011, 11011006, 208. ,

800601οο6, 800 80061006 and 8000600001.

800601ος1. 8008006100.

8006000000. 80080060000.

8060040801600, 8006600, 1100110010, 15, 21.

8006000. 8008006000.

80060000100, 001006, 105.

80060ογ0. 8008006000.
8006000110. 800 8000600011.
80060000γο. 80080006000.
80061006, 1111001, 68, 70.

......... [10 801000],1111ιο1., 59, 81.

. 800601οο6, 80000001, 284, 836.

80061ογ, 11001, 8006010310, somerset, 295, 318.

¹ 1100600000, 8006000000, 110110, 102, 116, 124,

80060εωί0 8000010101, 80060ογ0, 80000001,

,332 644, 664, 434.

8001οἐ380οἒ017οἑ10, North, 80000001, 014, 330,

.......... (100οᾅὲ (1000 8006000, 80000001, 315,

80011, 8006000, 8006600070, 80000001,
814, 336, 372.

8006000. 8008000600).

800110001- 800800010001.

80011016. 80080006016.

8001010, 800800011ογ.

80000010, 800000010110110, 94, 110, 118, 100.

80001016. 800 80001016.

 

