Μ

801801, John, 428.

8011011101, 1801111483.
801,111111011,80.

8011, 8108018, 288.
(1181101,171111011, 182.

0111018, John, 177.

0118018, 01108018, John, 419.
.......... 1111110190.
0101111111, 241.

8111101010, 1111181141.
elmon, william 80, 207.
(110111118111, John, 427 .
1110118011, william 80, 94.
810101, John, 259.

.......... ’1801110001 8111011010, 208.
(1001111011, 178.

0088110, 80111, 178.
(1081010110, 808011,101.
808101810ηο, william 80, 298.
80180, 8108118, 298.

1101801113, 8108018, 189.
8018011118, John, 287.
........,Ρο101,208.

0010110, 1110801011, 80.
8010181111, 11108018, 01 0011801010, 284.
810010, 1711110111 80, 298.
(110181, John, 01 1111118011, 189.
8101111080. 8000101110.
0101, 811101 10, 282.

8101130, 80 (1101388081, 01 811101, 50, 81.
.......... Simon. 291.

(11010, Hugh 8010, 279.

.......... 1081, 140.

010010, John, 202.

(1118118, David ap. 280.

.......... John 01, 280.

(11018111, John 80, 243.

8118101. 1081, 011111811οη01, 102.
0118111, 80111, 0111111018, 124.
Gula, 1101101100, 277.

811101, 80801180, 218.

011101, J 081, 0181101101, 128.
81108018. See 8118018.

H

80811101, John, 01, 8081111101, 288, 281.
8011, 80110, 808011 0110, 01 8080111101, 207.
.......... william 0110, 181, 182.

8011010011, william. 488.

8011801, 0118011 80, 292.

murillo, Ρο101 80, 292.

8010011, 8108018. 80.

8011110110, 801011 80, 178.

ΝΜΧΜ1ΉΜ8

80110111. 8011101110, John, 429.
.......... 1110801110, 424.
80111101, 8011101, 11108018 80, 241.
.......... william 80, 278.
8111801101, 1081, 432.
nardius, william, 297.
8018113101, william 80, 288.
8010, 8108018 10, 277.

8011010, 1110100111 80, 242.
8011011, 8111810, 242.
8011010, 801111, John, 421.
.................. ,, 01 81018101. 80.
8011111010, John, 202.

8011108, John, 888.

8011101111, Thomas 80, 97.
8000111010, 1081 80, 272.
810011, Thomas, 425.
8001111,171111011,01 1100011101, 898.
8011100, 1081, 1101001, 80.
8011110, 1081, 288, 281.

80101, 8108018, 295.

801181, 8108118, 01 1111011, 189.
811110, 1081, 419.

8110081018, 11101101,488.
80111018, John, 419.

.......... 1111111110186.
8081118010, 8011180, 178.
8011101010, 8101801, 244.
801101, 1101110100 80, 282.
8011101, 8108018, 183.
8018111011, 808011, 88.
80181111, william 80, 178.
8018111, Thomu, 438.

80110, John, 84.

80101, 1081, 88.

.......... 11101110, 82.

801111. 8108011011.
8011100010, 1108011 80, 298.
80110101, 8108018, 288.
80101018. 800 8001018.

8010, 801, John, 282.

..... ,..., william 80, 427.
80110, John. 433.

81801111 John. 80.

81110, 1081, 428.

.......... 1801100422

811101, william, 0008011101 01 0801808110.

808018, Thomu, 288.

808811, 8811018, 424.

8080101, 8011011, 01 8010111, 139.
801100, 80111, 428.

8018101, Thomu 80, 289.
80101101, walterdo, 240.

80110001181081, 424.

80111, (1118011 80, 01101111, W.
.......... wimundo, 94.
80110010, 81081118 80, 242.
8018, 8108018 01 1111101018, 288.

 

