BARONIES, HONORS, 33110, ETO.

NORTHAMPTON.

4010110. See 1111010.
31111011, 10001, 42.
300001, 100 01447.
mmirlgbffiffffl' 3010000, 300101, 10001,

3000110111, 30011000, 1111110101, 12.

30111000010111 [3011101111. 30011οω1011,
1000101, 8, 17, 43, 444.

300100. 3103011011.

3111οο, 100 01, 45, 46.

[Bury] 81. 3110100110 [8011011]. 100 01, 10, 11.

000110 4010[11011011],00010110010, 1000101, 43.

chester, 1000101, 15.

010100, 010110 1000001, 14, 42, 43, 44, 447.

01010, 10001 ο1,45, 447.

11001010, 100 01, 15.

30101, 000110 01, 43.

Dudle[y]. 1000001, 49.

3101100100, 310100101010001, 42, 447.
3011010, 100 01, 45, 46.

30000, 100 01, 44.

0001100100, (1001111100, (10011ος000, (10001ιὲ-

100, 0100010011000110 01, 2, 11,12,4 .
0100000101, 10001 01, 40, 49.

Ηι10ος1ῐοῗὸ301101100100, 100 01110 hospital
0, .

3010101110, 10001, 42.

11011011ος1οο 3003010100100,

Hognorton. See 1101100, 11001.

Ηο011001100, 100 0011 10001 ο1,9,10, 11, 13.
15, 16, 17, 18, 42, 43, 44, 45, 50, 444,
440, 447.

1100000, 100 01, 43.

101010 [0100], Aquila, 1000101, 43.

1101000101, 1000101, 444.

1111001111, 1111101111, 100 01, 44.

1111011011, feo 01, 43, 45, 46.

11οο10000, 10001, 10.

11011010,11011000,11111010001, 4, 9, 10,

1100101110, 1100101110, 01000101, 8.

11011011, 11001. 11000011001000101, 43.

011011[30<110011],17011111, 100 01, 42, 44, 446

301οηοἰ631140106ηο, 110 m· honor 01, 10, 11, 43,

12102

et 11010001 Jerusalem, 100 01 110 hospital 01,

Το1101γ4ἑὲ101101111 1110111010, 1000101, 4, 43,

wahan. 0001011.
17011100, 170110110010001, 10, 15, 17.
010010010011110100, 101101 01, 7, 8.

1701101110οὢ1ῧῖ3110100, 11110ογ 0011 100 01 , 9,

NORTHUMBERLAND.
10010οὁ0000, 10110110 or, 10, 00, 81, 00

110001, 11101, of, 0010001011.
3011001, 1010ογ 01, 54, 55, 76.

3010111593081111111, 1110ογ and 1011101ἰο 01, 57,

301110, 301101010000001, 05.
301101, 3011111, 3011011, 111000 01, 00.
.......... 000110 and 1011011001, 82.
3111110111, 1110110 01 , 79.
Cuugy. 300 (10001.
11010101,1Ιο10,11010, 101000, 01.

1 1111111101,11101000000010.

ff 011300115070037111118010110 0011,

62, 0

1 Ηο1000, 10100101, 61.
3001001111, 1000ογ 01, 50, 56, 57.
1100000. See Guugy.

11111010, 1010ογ, 000110 and 10100110 01, 07,

58, 59, 03, 04, 73, 70, 80.
11011101, 11010001, 10000] 01, 57 .
1101100, 101000 01, 59, 60, 63, 74.
11010011, 11οο00011, 1011101ἰο 01, 81, 82.
1100000, Mulsum, 1010010179.

Ηο001οι ,01001010 11000010, 1010ογ 01, 73, 74,
1

111100100οο0 (do 1111000 Campo) 10100001, 57,
04 65 66 76 77 87

1101110111,Νο0100100, 1010111 01, 01, 77.
3011101, 100 and barony 01 110 0011, 76, 89.
3000011010, liberty 01 , 73.

3001000101, 60, 67, 71, 74, 75.
30111017, 1010ογ 01, 74.

8011000 (super Tene), 1110ογ 01, 03.

Το00100011, Tynby (010), liberty 01, 76, 79, 80.

20

 

