HUNDRED& WAPENTAKES,

1100010ᾶο 01 :-
111010100, 162. 182,194.
11005011, 166174, 185.
1110110101100010011. 159, 170.
1110111010, 159166, 178, 185.

0011113011,00101000011100100,111100. ’
010111ἳὲ... chamum, 100 10, 101100, 1

’ ch11t0m,‘cmrsa.170.
50101001,1)011001110,101,181, 200, ¹
11101100, 154, 171, 175. “

01021100, 1100020110154, 170.

1101111101, 171.

911100, Ρ1111011, 901100, 156, 171, 191.

9100211101, 1101001010, I’oghedelowo¹ Pough· .
11010110,157, 169179, 189.

mmo, 10101, 101, 101, 111. “

99001100, 9101100, 9701100, 155,163,177,195. ,

Libertina of:— 1
Iulip, 170.
Ψδ11111ζ10141, 1700
1
1
1

WARDS, DEANERIES, 1110. 599

SOMERSET.

1100001100, 010. 01 1-
Axbridgo, 400.
80111. 410.
8116200101, 405, 406.
cary, Kory, 397.
0101101110, 409.
11000101, 406.
910010, 395, 405.
1101100101, 1101000110, 402.
11010100, Momm, 399.
Ρο111011, 1100101, 404, 405.
1101011110, 412.
’1111101οο, 408.
990110, 414-418.

1101101060 01 ;-

11161011, 1411110011, 272, 313, 329, 835, 371, 424.
1101110πο60Ιά, 406100001015, 292, 301, 331,

Ι 345, 369, 433, 438.

1 Both Forum, Bathom'a Fort'meca, 311, 329,
301110ἰο0101. 80011011011110.

1 Bempatoffi¹ 30101100, 276, 312, 323, 359, 369,

01111110. .

1100001101 :—
001111110, 209.

1100111060 011-
1411100.14110010110, 204, 208, 213.
Fut, 205, 206, 218.
31911191191121151 2⁰72 ²11· 1 Β1001, 318.
0111118ῐῦ. 0101191111 211· 1 Β111100,111111101011, 1111111011, Bryweton, 293,
1910011110, 9910123101, wrongedike, 205, “ 301,321, 345. 384. 424.

100111. 1 Balatogg,8 {0213st 101, 011000, 001, 011,

, Βο100100. See 1111101001.

1 canni 011, (10010100, 0001100, 281, 308,
1 34, 352, 393, 435.
! 601110οἑ 100938οἓἔὸοᾌ ἑζο10010100. 295, 302,
ξ 01001, 1110, 010, 0100111110.
011011, 011111, 307, 312, 325, 351, 358, 379.
1100111060 01 :— 1 0110111011, 0111101011, 01110100, 297, 308, 328,
mmmmmmm 1 ffiffiffl
6110111101, 1110001110, Bromium, Brymtre, , 001911287121191 32⁶» ³43· 3831123·
225, 294, 243, 253, 258. ¹ Cory. SecGurry.
0111111011, 01015011, 282, 210, 2511261, ι 0101110100, 0100010111, 0101101110, 316, 331,
60000101, 215, 229, 239, 256, 264. ·ι ι ·
Foffi, 212, 234¹ 241· 255, 200. Ourry, Oury, Cory, 1901111, 313, 825, 359, 371.
1100100110001000011110114,101101. 1111111101· See 1111111011·
01010, 216, 234, 242, 253, 262. 11101118. 276, 309, 918, 354, 801, 385, 425. 1
1110111111,1110ιο011011,2152110235,252223Ι i 1101101102407 vg& 41120210000101, 290, 304, 320,
Ρ“’“1011,,Ρ“’“10“Ῥο”10”’ 33331111 ' 11001101001811198112361, 010111,

SALOP.

Borough 01 :-
810105011, 257.

01.10οὥ3,01οο1..0.1, 110101, 110114, Ι ΗΟΜᾚξοζξῇξξῗξξὸῗᾞῗῖῗ3113311ἕὲ3111

Huntspill, Hunespille, 310, 356, 369.
1101000100. See 0011101001οο.
mm& Kayneuham, 311, 326, 356, 379,

1115011101 01 :-
Cleobury 1601110101, 246. 252.
81110111)οη, 240, 256, 259.

 

