INDEX OF TENANTS.

wn'ght, John, 32

.........,1111111111,32,37.

1111101111, 1101111111, 161.

1110111011. 811111011011.

111011. 8111110111.

1110111111, 1111111111 (11, 380.

.......... 80111383.

11101111, 111011, 1111111, 394.

.......... william, 01 Nonou 111111, 435.
1110111101, 1111111104.

1110111111, John 111, 333.

11101102ιέ 1161111101, eo. 0110111. prior 01, 10,
11111111. 8111111111111.

1111111211181, John, 01 111011101110. 8111011,

1111111011, 1111011101, 122135.

1111111111, Roget, 255.

1113100111. 8111111311011111.

1111111101, Gom-d (11, 77.

1118111111, John 111, 22.

.......... 111111111381.

wydmerpolo, 11111111111011, 135.

.......... 10111111, 119,

1111111111 1111111111, 1111110111. See
wiggobergo.

Wygein, 1111111111, 155.

111111, 1111111131.

1111111101111111111011. See Wigmore.

Wygoton‚ 1111111· do. 27 4.

11111110111111111111, 249.

See 110111ψο11.

Wygthflosuh‚ william, 114.

1111. 81111111.

11111111. 811111111111.

11111, 1111, 111111, 1111111110, 323.

.......... John 111, 307, 308, 312, 348, 351352.
353, 359, 387, 368, 389, 379, 381, 382.

.......... 1111111111, 305, 324, 329, 348.

.......... 11011111, 370.

.......... 1101111111, mssa.

.......... Thomu, 379, 380.

.................... 01 staunton Drew, 421.

1111111111. 8111711111111.

111111, (1111111111, 47.

1111111111. 811 1111011111.

1111111, 1110111111, 31.

1111113011, 118.

1111111011. 81111131110111.

1111111101, John. 10. 811011, 1111111111, 207, 3

111111111111. 811111111111111011.
111101, 1101111, 249.

1111011111. 811 Willoughby.
11111011. 8111111101.
1111111111. 811111110111111.
11111, Honry (11, 337, 373.
.......... John, 339.

.......... william, 315, 337.
11111101, John 111, 301.

· 11111111. 811 1111111111.

, 11111111,1111111111,32.
11111111111111. See winnesbury.
Wymond. John, 210.
.......... 1101111250.
1111101111111, 1111111111111 [oo. Herts.]‚
prior 01, 99.
1111111011, John, 214.
1111111101. 8118111111111011.
1111011111. 8111111111.
1111111ἕ11111ὸ1111111101111,1111111111, Hem-y
1, .
.......... 1111111111, 99.
’ .......... 1111111111.
¹ 11111ωοὶ111, 11111111υωί11. 811 11111111-
10111 .
11111111οη,301111121111011 1110111111 111, 2711,
Ι 1 1 ο

1111110111, 11111377.
111111111111, 1101111111, 221.
1111111111, 1101111, 1111111, 127.
¹ Wyukebourn. 811 Wynohebum.
Wynnenbury. 811111111111111.
11111111111191111111, 01 111111111110. Here·
ο , .

11111111, menard, 33.

1111101111. 81111111111101.

= 11101, John, 179, 187.

1111111011, 11111011. 8111111101.

11111111. 811 1111111111.

111111001111. 8111118310011110.

1111111111. See 1111111011.

11111111. 811111111111.

1111111111, 1111111111. 101111,

.......... 1110110111 111, 1.

11111111. 811111111111.

11111111111116111111111111111, 1111111111, 11111111
8, ,a .

.......... John de, 208.

.......... 11111111 de, 204, 214.

1111111111. 81111111111.

1111111111, 1111111111. 811 1111111111.
1111111011. 8111111111011.

· 1111111. 1111111, 111111, Hem-y 111, 48, 448.
.......... 30111111, 201.

.......... 1101111111, 11.

Y
Yarmouth, 1111111111, 1111111111, 214.
.......... Thomas 111, 213.
.......... Walter 111, 214.
11111111, 1111111111 [co. Bedford], 1011101, 45.
110111, 811111, oo. 1011111111, 11111111, 403.

1111, 1111111111 11111, 01 Baete. 439.
, 1111111111. 811 11111111.

 

