500

801010101, 1181 80101180, 121, 184.
801010, 80101, 1010101, (1001111180, 81.
.................... Elisabeth, 11110 01, 81.
.........,81111,80.81,82.78,112128.
.......... 1011, 128.

.................... 111111, 121.
.................... 1018 01, 88.

.......... Margum, 1311.
.......... 81011018 10, 218.

800111018, -, 178.

8011, Roget, 291.

80001110, 00111111, m

81011011. 8118111011.

8001, 8001, 1110101, 211.

8011010, 1011 80, 19, 41, 102. 128, 178, 188,
218. 231, 242, 884

.................... christina, 00. 01, 110.
¹ ......... ,2ξὲ0288100000, 0011100101,

.................... 110 01811, 12.

.................... 110 younger, 12.

8011 Moto, 810 81111001.

801110101. 810 811010 Chre, 81.

801111001ςο 810 801010 8101110, 80.

80111111 810 8010101011111, 81.

80111111. 810 811110 Liuio, 81.

80110181011, 82.

80111. 81180111.

80100080, 0111100809.

8011101011, 288.

8111101,1011, 01110111101011, 487.

801101. 81180111οο1.

88111111111111101111818118

8010101. 811801010 01110, 80.

801800. 811801800.

801101, 110111, 17.

80111101. 8118011010 01110, 81.

8011101. 8118110101011110, 80.

80010. John 80, 284.

.................... 01 80010, 288.

8011011, 80011011, 1101180. 18. 108, 118,

.......... 1011801811.

.......... 01110181, 118, 189.

80100801, 01100801, 1011 80, 188.

..... 1101111, 187.

.......... 111110180179.

8011111100111118, 888.

.................... 01 1011101018, 00. wiltu, 428.

.......... 0110180 884, 888.

8011180111 [11 1101101 NutonJ, 00 North-
1111101, 11101,Μο 48.

80111001, 801101, 8011101,801010 110110, 8011
11010811111101, 14110080 228.

.......... 1011 81, 49, 871.

.......... 1101111111 80, 848, 881.

.......... Iamna 80, m.

.......... 11008, 88.

.......... 81110101, 809, 819, 888, 888.

INDEX OF TENAN'I'S.

80110101. 811811010 0111080.
8011 Georgo. 810 801010 Georgia, 81.
8011 10101, 811 801010 1010100, 80.
80111011. 800 80111100.
80111001. 801801010111010, 80.
80111 1011. 811 8110101010110, 80.
8010110110οη8. 810 801010 8111180 80.
8010101010. 800 80101001οτ0, 80.
81111100ῃο. 811801010800110. 80.
80111100, Se 11011, 8011110110, 1011, 849, 888.
874, 879, 884.

801111101. 801 80111001.
8010019801ῧέζ 480611 80, 11, 81, 82, 88, 178.

.......... 1110101180, 21, 209, 212.
...,,1110111880 207

.......... william 80, 18

8101100101] (8110110010, 801011001080111-
81181818 1111187 ²⁸⁹

81011010, 80101101111101100, 88.

,,,,,,,,,, william 80, 88.

81010110018011101101010, 8010101101110.
walterdo, 248. 247, 282.

8111101011, 8010101011, 8111101011, Adam 80.
181, 1841881197.

81001, 81010 [00801101] prior 01, 89.
81011018, 8010110111, oo. 80181110111110101
92101. 120, 122184, 148144.
8101101, 80101101. 1010 80 88100108119.

81010. 80181001.
8101101, 80101101, 81011101, 8010111011,
8812013881 ,28210111010101 11111180, 218,

.......... 1011001010 287, 248

8101101[181101], 00. 8011101001, 1000101101.

811111101,101180, 8.

81011111, 1101011, 40.

8101101101, 8010110100. 1011, 88.

.......... 8100018172.

81011101. 8118100101.

811101011, 8111010111, 8100100100, 1010111180,
802, 840, 370.

.......... 1101110180, 840.
8111101, 1101111188, 188
810110801, 0111001010, 280.
8101110, william, 878, 888
81011101. 8118101101.

8111101111(8010110),01101 0181811011,
888221, 228, 887. 228, 229, 880, 281,

.......... 81ὲὲ81010100. 11011118811011110
11, .

.......... 8001 01 111 110101 01 81, 0108
(0081111880.

810010. 811201010.
81011011. 8118111101.
8111110180, william, 188.
811111011. 811811101011.

, 81111101. 8118110101.

8111111011. See 8111110111.

 

