INDEX OF JURORS.

11010, John, 01 0010101101, 185.
nom, 811101, 01 01101110, 80.
11011101, John, 82.

110111, 1011 10, 285.

1101101, 11101111, 289.

Ηο101, Fufi 10, 94.

.......... william do, 207.

1101111110, 1101111011101110110, 78.
Hm, william, 01, 2111111011, 125.
Ηο11011, John 00101, 240.

11011111, 1011, 189.

Η11111, 1011, 242.

Hubert, 11111011, 1110111111, 207.
........,811101,291.

1111011111, Simon, 424.-

Hugon, 8111120101, 294.

.......... Thomu, 483.

111110, Hugh 10, Μ

.......... 10111 10 11, 242, 280.

.....,..., william 10 11, 011101011010, 242.
.......... 1111111111, 001,

Eunt, william, 420.

flumbo. 11101110, 428.

1111101, 1111111111, 84.

11110, 111100, 11101011, 285, 288.
.......... william, 285.

11101111, 10111, 801.

111101, 1101011, 01801111 0111101, 125.
1111101, John, 428.

.......... 11101111, 424.
1111101111111111, 285.

1111000110, 110111 10, 288.

Η11100, 11101111 10, 248, 247.
1111111, (10011101 10, 274.

Ι

111111,1ο11,427.

1111111111, 1111111111, 1111111110, 247.
.......... 1110110111 10, 247.

.....,..,110101, 248.

......... 2110111110, 247.

111111, 10. 800 111110.

111011, John, 428.

1110111101, 299.

bethel-4155 1111111011, whom, 11101111,

.......... ’11101110 do, 289·

J

110001, John, 0111111110, 79.
1110110111, 420.
......... , william, 181.
101101, 101111, 11101111, 182.
.......... 1101011, 172.
111111, william. 425.
101111. 8001111111.
111111, 0111111109.
10111, 1111111101 01, 0181001101, 240.
.......... Robore 101 01 , 97.
.......... william 00101, 01 8101100010, 285
1011110. John, 258, 281.
.......... Thomu, 282,
101, 1101011, 428.
· 111111,10111, 175.

! K

' 11110111, 11110180, 110111 10, 278, 298.
¹ 11111011,10111,424.

· 1 1111111111.

= Κο101111010, John, 288.
11011110, 1011, 84.
1101081111428.

1 1101111111, 2110111110, 180.

l 1101,1011101,111.

. 8010011101101110101.

ἶ . ................... 1011110101, 101.

l 1111, 11111173.

j 101110, 11111, 110.

t 1111111011, 11010179.

1 11111101101110177.

ἱ 111011011111011, 248.

1 holt, 10111, 482.

¹ Knyght, 11111111, Κ1101, 10111, 258.
.................... 01 1111011011, 101.
.....,...,11101111,428.
111110101. John 10, 101.
1111111011, 111117, 79, 88, 88
1111110101, (111111, 289.
111110101010, 1111111111 10, 242.
1111001, 1011, 288.
1111101. 1101111, 175.

 

