INDEX 00 PLACES.

0101 [10 0010101011, 11111100., 64, 80, 87.

0100111100. sumerton.

0100. 800 00100, 110100 00001 00100000,
ἓξὲξ upon 1010, 170101 0100, ami

0100 0001110110. 8000010000001001100.

0100 010100001(11000010). See 0010011000011.

01100, 1101100010, 47, 443, 448.

00000. 000010000010011.

Endon 1011. 800 011000 Georgo.

001000, 0010000. 80011000.

01011102ἑίΙο 281110011 000110, 10011100, 80101),

11000101,1 0411οἓ10, 0100100, 1101110010, 3,19,

0001010000, 0001100, 8011101001, 820.
.......... 01010111, 11001010 01, 399.
11101000, 1101100010, 30, 40.
01011011. 800 0101010000.
0101100,110110,000100 01, 102.

011011 91100001011001 010110, 11111100, 67, 1

01000 11010011 [10 00011001 Endon, 001000,
80101217, 231, 242, 204, 267.

Endon Georgo [in 00011001 Endon, Endon
Jory, 80101, 232, 240, 202, 266.

0001100, 011010, 171, 170193.

01110000. 80011000.

0110110. 80001011.

01010010. 800 0101001.

011010, 80001001, 334.

.......... 0110101101, 407.

0110001, 1110111010, 80001001, 0001010101, 303.

01100. 11011000, 204, 213, 214.

.................... 0110101101, 209, 211.

8011101001, 333, 360, 363, 394, 439.

.................... 0110100 01, 407.

01000, 1101100010, 20, 39, 444, 445.

010 [01 0010100100101 1101100010, 442.

010[00101, in 1101101001 801011, m.

Eykring. 800 0011101.

01100100, 01110100. See 010100.

0111010110. 800111010110.

1110011001, 0100011010, exford, 163.

01100. 800 00100.

01100 [in Alborbury]‚ 80101, 210, 241, 261.

........ 21ὲο 110110 01000111 0100, 80101),

......... [0100801010180101 221, 228.
01100 001110 17001011100110110000101771100·
10010, 01100, 80101, 237, 248, 270.

F

1010101100 [10 00011001 0010110, 0010110,

80101), 217, 231.
0011110114Βὲ0 8101010011 001101010, 80001001,

01110. 8001101101.

0010011, 0000010,1101111001ι,3,19, 41, 440.
0011101101. 800 0011101101.

0010110010. 800 00110101.

00110000 [ὴὲ 0100101001 00111000111111100,

001010101οο.Ι 800 0011010101000.
00101010. 800 00110110 0001011010.
00100000. 8000010000.

· 0011011οΗοψ11010, 001101, 001101, 00110 h,

00110, 00101010, 001100, 80100ηο1, 9,
313, 324, 309, 360, 377, 376, 421.

1 ,,,,,,,,,, 0001081, 0010101001.

.......... 00101010. 000100 01, 412.
001101 [in 0100100111 001110, 8011101001, 324.

1 01001οο100111,001000110001000110, 00100.

henrodo, 00100011οπ0,ὼο01001, 311,
328, 307, 380.

1 .......... 0010000110, 00010101, 414.

1 00100100, 00100010, 0011110010, 14.

1 0010000. 800 0011101000.

ι 0010000[10 1000010101 00110000, 110110-
001120, 39, 444.

0010000, 00100000, 00100000, 110111, 100,
118, 120, 131.

.......... 00100000, 000100 01, 144.

0010001001), {gryndom 00100000, North·
0010,1, .

0010000110. 8000000010011.

00100010. 800 00100100.

00100000. 800 0010000.

0010110110[1οΝἶ1ὶ1ἔὶ01117111],7’ξο11000010, 011110-
001, ., , .

0010100. 800 0011101100 (101001.

0010101110. 800 00110101100.

001001 [in Βο111011 001101, 8011001001, 319.

0011101000 [10 00000111 000101000,
8001οη01, 319.

001110 0010 100 ,00100 00 -
zm, 001002113001303, 39401143οὛ1

Farrington (101001, 001100, 0010100. 01001-
100, 8011101001, 298, 308, 329, 303, 374.

000011ὲ1οἕοἰξοῇ10100,001101000011110010,

0011011110ωο0, 0011010100100,00101010100,
01100010, 30, 38.

001100. 800 0011101100 (101001.
00110000. 800 0010000 000 0011101000.
00110100. 800 001111101οο0.

0000010. 8000010011.

“ 000000. 800 0011000.

 

