592

300011οτ011, 80100, 230.

3001010, 30001010, 300001010, 110110, 99, 99,
110, 117, 129, 130.

.......... 0110101101, 140.
3001010(80100). 800 30001010

3000100110Ῑο [10 301100 3101100001 000 West
0210000001013001011010, 110110, 92, 104,

1001 [00100010οἓ111000100010000,
0001, 001101’[100101000010],0001101,

80001001, 323.
301011οΞ110[10 8001000111 3001100010, 80100,

3010οο110, 3010000110, 80001001, 295, 918.
.......... 01101011 01. 397.
30101101. See 3011111101.
30111, 111011οω00010 01, 410.
......... [0011100101] 0110101101, 412, 413.
.......... 0110101100 01, 411 :-
81. 10000.
81. John 3001101.
81. 11010 00 8101100.
81. 1111011001 01110 00110111 30110100.
3011110010.
.......... 011001, 326, 413.
3010000100, 3000100, 80001001, 0110101101,
4 l.

3010001100, 300101100, 300101100, 80001001,
280, 901, 333, 340, 370, 437.

3010000100, 3010000100, 80001001, 329.

.......... 30100000100, 01101011 01, 411.

3011101000. 8003010100.

3010000100. 800 3010000100.

301110οο0100. 800 3010000100.

30101010, 110100, 80001001, 329.

.......... 0001011000 11001000 01, 411.

30111101Ν [10 W 1100111001 3011101000,

0110, .

3011101οἔ,7 900013010001, 8000001311, 329,

.......... Wyke 4011011000, 01101011 01, 411.
3010110010 [10 0130000101 3011000011, 1101111-
300001011081320200100. 800 30110110.
3011001100 1111010 0003000110 (00], Pam
3011011οῗ 11.οῗ0100, 3001101100, ’3011001000
80001001, 300, 332. 344, 364, 430.

.......... 3003000000, 01101011 01, 405.
3010101ἑώ [oin 2000000011 3010100, 3010100,

30000011 [10 3001110ῃο1 30011011111111011, 79.
3001. 800 3010 aud 3001 0100010110.
30011 [61141 05000111 301111, 31111111, 11111101),

110010102ιέ0)[10110011001000], 3010001011, 80100,

3001101100. 800 30110110.
30110100 [10 11011001 3011001, 111111011, 79,
3001100010. 800 3010110011.
3001101010. 800 3110110010.

INDEX OF PLACES.

30016οη, 3001111111, 80101225, 228, 244.
3001010. 800 3001100.

3001100000, 3010001101110110, 108.

.......... 01011000 01, 151.
30011οΞ1100,ἐοᾚὲοο,2580001001, 270, 310,

.......,,30111000100, 0110101101, 395.
3001110] [10 010000010101301000, 80100265.
3001100,ὅ 91001ἑὲ10,1 9001101111, 301010, 011010,

30001. See 30010.

300οΙ000011 800 3100100100.

3000100οο. 800 Baeton, 3101101111 Low.

3000100101, 3000100110, 3000000110, 80011-
001, 904, 324, 347, 380, 427. “

.......... 01101011 000 0110001 01, 413.

.......... 1100101001, 413.

3000011. 800 30000011.

30011000, 80100, 205.

3001 [10 3110011 30010, 80001001, 422.

3001 01000000, 3010, 3001. 30001, 80001001,
272, 314, 330, 336, 372.

.......... 0110101101, 410.

30010 {iet} Β(1000001001 80001001, 439. And
1 01.

3000100000 [10 00001001 Βο0111010,110110, 99,

3000100, 300100, 110110, 94, 99, 110. 117. 129.
.....,0110101101, 140.
........., 110010ςο 01, 143.
30011010, 3010111010, 011010,164, 173196.
......... 2(112310100110100011, 001010, 0110101101,

3000000Ἇο 301011 [003001100101101 3010010-
01081101131311 10,ΒΘ 11,

3010111010. 8030001010.

3010000, 800 310100.

301010. 800 3001100.

30101100. 800 310101100.

30110100. 800 30011100.

3010031100. 800300110011010.

301γο100. 800 3001101100.

3011010, 301101010, 111110111, 64, 06.

3010111101οο. ’ 800 3011111011.

‘Belle 1101011 [10 30100000130101011010110,
01οἑ0091000, 3010011110, 011010, 170,

· 1 , .

301101010. 8003011010.

30110100 [10 8100100 1110101 3011101011,
11010011001010), Βο101100100,80001001,
311, 323. 357, 319.

301000100100 [10 31110111 3011001206, 208,

301010 [10301010130101100 11111011, 59.

301100, 31111000, 206, 207, 212.

.......... 0110101101, 211.

30100100. 8031110100.

3000010οο, 1111 (010)01, 80001001, 322.

30000010, 30011010, 1101100010, 28, 48, 448.

· or 0011ομ 11001001.

 

