01001 01 10111001.

samm 000, Senem, semler, 00100, ¹ 8000101110,00001011,1010,341,191.
gffssssmfflgggloe John 00, 198,

.......... 11011011 00, 282. 340, 303, 301, 389.
.......... Γ11101000, 88.

.......... 1711111101 00, 280, 339, 340, 370, 383.
800010 aimundo, 00. 800 Bury 81. 80010000.

810010 Georgia. 8011113οἨ1, 8010130010, 80111 A

(1001ςο, 111100 00, 114.
.......... John 00, 240, 202.
........., 11011011, 202.

......... ,ww 01 81000011, oo. 80100, 200.

.......... william 00, 240.

801101011οω. 000 800010 1011110110.

800010 Η1110110, 111011010οο, 8.

.......... ’11101000 00, 34.

800010 00110000 (Germano), 11100100 00, 32.

.......... 171111010 00, 2, 21, 38.

800010 10110000, 80101 100, 8001100, Seyn
§3th 8010110110, 8010100801010,

“ .................... 01 7700111000010110, 430.
........, Eva 00, 244, 203.

.......... (11100 00, 40.

.......... John 00, 100, 109, 103178190, 198.
.................... 0190ςο111110, 108.

.......... 1710110101 de. 104.

.......... 01110100, 341, 390.

.................... 1013111, 49.

.......... Thomas, 190.

.......... william 00, 21.

800010 hudo, John 00, 279, 311, 313, 323,
328. 307, 309, 377, 380.

saneto Liuio, 80101111, 80101001, Andre! 00, 9.
.......... Hem-y 00, 100.

.......... 1111100 00, 100.

.......... william 00, 299.

800010 110100, 00. 8008110010 1110001110,
800010 1110111οο, Adam 00, 448.

.......... 1000011000, 200, 211.

800010 Mauro, 00. 000 80110001.

11030100290308, 341.

8000101101. (1001110100, 7.

8000οο. 1011028.

8001010. 800 80001010.

80111, Alina 00, 175.192.

.......... Μ11110, 192.

.......... 11011011, 171.

8010. 800801.

8010011110, william 00, 274.

8011000, John. 30.

8001111013,4 8000111, 1101101100, 97, 100. 108.

.......... Thomu 00, 137.
.......... 1711111110 00, 114.
8000001000,110101110, 192.
Samaga, 8308500001011, 1101011, 294, 300, 818,

............. ’ 0110101, vite 01100, 001.
800110. 80080111011411801011.

. 8001100000,.100000,171.

0010001000, 101ςο1, 188,

“ 80111100, 1101001100 00, 14.
' 8011110 11100100,000110,010110,οο. Eunt·

mgdon. 0111101 01, 20, 48, 51.
Say, 170110110. 237, 240.

. .......... 7711110111 00, 0.

8010100. 000 aneto 10110000, 00.

Ι 801100. 000 01100.

8001100110, 1711111101 00, 18.
8001010010, william, 172.
8001001311, John, 30.

8001000001. 00080010001101.
8000110010. 800 8001100011.
8011011011. See 8110110110.
8000100001010. 000 8001000001.
80111110, 100005.

8000100100. 000811οφ0100.

.8011111111011, 000 81101011οΙ1.
1 8000110010. 000 smne-bury.
1 80001001100110. 000800100110101.

80001011000100,800010 Murco (010). 80011101 ¹ 8011011010. 800 8110110111.

00, 448, 448.

.......... 1110110100 00, 27, 47, 448.

.......... Thomu 00, 47.

Sancto Paulo, 11111100, 001000110011010,
03. 04, 03, 74. 77.

800010 Ρ1111110110,
102, 183, 190

Sancto Quintino, 1101801100, 304.

800010ὲὶἔο0 Thomu 00, 100, 309, 310, 304,

10 Ρ1111111011ο, John 00,

800010000111010000. See Ηο101010,81.(10111100.

800000, 8000011, 1701101, 304, 308.

80001010, 80111010, 8001010, 80011010, 80011010,
11010000 00, 347, 392.

......... Ξἔ11101ὲ314111 de. 01 00801011, 237, 248,

........., 11011111 00, 108, 221, 223.
.......... 81011010 00, 227, 237 , 248.
.................... 018001010. 00. 801011, 370.

8011011011. 000 81101100.
80000100. 800 81100100.
8011011101. 11101010, 40.

1 8011010100. 000 81100100.
. 8010000101, 1011000, 170.

8011010ὴο1101, 8001000001, J 0110, 177.

. ..ἱ......,11.01, 110.
¹ 8001000, 8011010110, 80110101οο0, Francis, 8113,

.......... 10110010.
.........,110.,0,001,100,004.

· .......... 1110110111 00, 801.

8001, 80011001, fleury, 14.
ῑῑῑῑῑῑ;;;; ..10110 0..
8001101111, king 01, 2, 14, 10.

8001111, 80011110. 0001110, 1101000101, 308,
⁵ 808, 808, 874.

........‚ 711111010οο, 297,808 303,

 

