5w

NOEXOEPMOE&

1155151155, 055115155, Brygg 055515155, 015511 055115. 8550551155.
55511111115,11551555,205,208,213,214. ; οιῃπᾱ, Cha-de, somerset, 825.

.......... 55515515 51, 210.

1 Chalbum, 5151511151511155.

055151, 4025514145ὲ 055115, 1151555515, 27, 47, 48, cha-leton See 05511555.

05555155. 855055151555.

05551551 Episcopi. 8558155551 055115.
0551155111515555. SeeHoldgnte.
05511515 11155151. See 1115511151 055115.

0555511 [15 015551 11511551 1151555511,
1151155515, 21. .

......... [in Witnoy]‚ camerone, 011515, 102.
0515515 [15 1155155551 05515515, 05115515,

ξόἓγέῗὲωὲόοὼὲᾒω, 85551555, 290,

0515555, 1151151515, 30, 37.
051555351[15111555555]. 0115555315, 055555-
555315. 8511151551, 301, 309, 394.
055511ἕέἑὲ5ἓ31ἓ5551] 1151115511 eudemon,

0515515. 855 caythorpe.

05115515. 855 0515551.

051515] [15 11151551 0551551555, 1151155155,
85155, 240, 252, 200.

051155555515. 855 0115555551.

05155115 [1111515148 51.

055515ῢ2οῗ1ὢ5155, 0555555, 115515, 95, 100,

05555 [21855οὥ5521ἔέ 0555, 11555, 85155, 210,

05555] [15 1155511151 h 055555, 1155515, 58.

0515155515, 011515, 1511170.

0511551115, 0515515, 115515, 105.

051151. 855 11551515.

0511515. 8550555551.

055555. 55505555551155155.

05551. See 0555551.

05115. See 0515.

05155511, 05155115. 855055155111.

05555555. 855 8515555.

055151155. See 0555115155.

centro. 855 055151 and 0555151.

cestreton. 855 0555115155 mul 0555151155.

0511551555. See 0551551555. ’

0555555155, 05555115555 11555115. 855“
0555555555.

055555155. See 0555511155.

0555555115. 8151155555115.

0555553155, 0555555155 17555115, 05555-
55155, otford, 101, 105, 184189.

ehad-tono [15 055115 Δ555γ], 0555155555,

0551155155, 1151155515, 5, 20.

0555553185, 0551551555851551555189, 391,

0551511551, 055115555. 855 0555155555.
0551ω1ἐ1515ὸο141ῗ555155, 0555555155, 1151155515,

055115τὸΙᾶ (ἓάωὲἰη Ε555ο55], 0551151515,
511555ἕο111ιρ551151 151, 111, 111,
0551151515. 855 05511515, 015.

055115155 1155555155. 855 05511155 1115551515.
055111555, 0551555555, somena, 835.
555155 51, 400.

05511155 [15 King's 851155 5551155555515],
0115115555, 05511155, 1151155515, 19, 42.

......... 233⁰„ Shuwbury} 055115155, 85155,

......... [i113{(giln1c3rndon]¹ 055115155, 855151·
555, .

......... [1117151551 0551151511, 8511151551, 324.

05511155 Adam, 055115155, 05515155 Adam,
055115155, 85551551, 289, 299, 342,
902, 975, 3881

.......... 555155 51, 402.

05511555 11515555155, 0551155 1155115111,
85551551, 822.

.......... 0551155511 05151115, 555155 and
11551555 51, 400.

05511155 1115511511, 0551155511. 0551155511
ἒὲιέὴέἓὲ, 85551551, Q, 280, 299, 821,

.......... 555155 55402.

05511555 11555515, 0551151115 1115555155,
05511155, 0511115155 1155555155, 855151·
551, 287, 327, 425.

.......... 05515155 5155553155, 555155 51, 898.
05511155 [15 8111555151 0511115555, 115115
ancl 85555, 1115155, 07, 75, 78.

...... 55 0115551, 055115155, 011515, 170.

05511155,311ὃ551ἐ,1ἷ155115555, somerset, 5511155
5, , .

“ 0555555155. 855 0511158155

charwalton, 1151155515, 30, 38.

0555115155, 055115155, 0551511511, 055551155,
(1181955551155, 0515111, 101, 105, 184,188,

0551155, 1155515.. 77.
055555, Im. 855 055555.
0555551555. 855 0551555155.

0555555. 8550511155 upon Poldon.
0555155555. 055115555, 0551155555, 855115·
555, 011515, 154. 170, 170, 200.
0555551. 055515, 0555515, Cedet, 85551551,
307, 312, 320, 351, 358, 007, 308.

.......... 855515, 555155 51, 418.

.......... 5155155551, 415.

05511555 1112531ξέ 05511555, 055555, 855151-
555, , .

.......... 55515551, 408.

0555515. See 0555551.

055555 85505555551111555155.

0555551, 05555515, 05111553, 0555555, 851551·
551, 278, 300, 932, 844, 804. 433.

.......... 55515551, 405.

0551551155 855 8551551155.

05515155. 855 0515155555.

055151551155553155. 855055111551115551515.

0551515115. 855 0511115111

 

