INDEX OF PLAGES. 545

001100100100110001010,001000101,1100110010, 000611ος001 [10 110010010010016010010
93, 46, 43, 49, 447, 443. 3 30000001, 393.
.......... 0100010150. 00000131.11101001,0οἰ01,300000001,333.
00110010001,0010010010,1100110010,94, 35, ...0010 01000101, 403.
394441, 445. ,00001οζ 0001, 00010. 300 00001
9091440144·31100441440144’0,Μιςο 00101006001, 0001010010, 30101), 915,
00110000000,2,(ἒο,11ἳοἷὲ000, 0010000000, 3011006, 99.

000000011[10 9100610001 0000000011, 000000·
.......... 01000101, 919. ¹ 8,11,77,8,,0000000011,00000011,1111001.,53,

0011101100. 00110310001100110010, 17, 96.

0100100010001000, 001101, 119. ¹ creton (4101744944 111110. northam, 9411.
.......... 0011001006, 10010101, 961. ¹

Cotton 7170 (7,,011001 00100, 001000, 1100110010, 3733303· 33 ommn-

00010000, 00010000, 00001000. 3000000001.

......... [in 3108110111, 0030, (1011, Βῑᾱῃ, ¹ 316, 331339, 389, 333, 497.
30000000,14.41,401 ¹ ·········· 11000101. 403
,,,,,,,,, [inwem] com ,3,10, 221 ¹ 00101. 300 000001 31 11101001.
......... 19001[ιῃΗ.,,-(11ῳ1οῃ,]0010,,,001,,,40010100100. 300 01010100.
01010, 0, 33, 43 ’1 001000 000, 000, 010010, 34 00,
Cotum 3000011000 and 0011000. ¹ 449. 444.
00100700109001000. 3000011000. ¹ 001010111010010, 000101 1100110010 00101
cotun· 3,, cotham· ἶ 9101011), 3011191101, m, 314. 330, 7,
0011031000. 300 0011ος100. 373·

0011011100. 300 0066102100. 3
000010, 0000101. 300000101. ¹

000000 1000000 j .......... 00000οο0... 0000001409, 410.
&und 303333 3334) 313· 333· 1 0016600[10 0101100], 00166000, (4016600,
011006 [in 111010001οο1 1111001, 64, 65, 1 smol,¹ 232, 2122512116,
(,0,,ῳέἔο See com. 0016010010. 300000111οῳ1.
cammah-11 010000 0100010100 (410400. 00010401 1010000

,0010101319100000 00110110000001101,
ι1,ἒ,1,1,(ἐὲι,0101,3000000001,315,361,397,

0010, 6, 97. Oria. 3000000131 11101001,
00011,0000101,000010,001006, 199. ¹ 00001000 [³111 [ιο 1100100 00 0006000 ,,]0001000
.................... 010001,163. , 30000001, 394.

,,,,,,,,, 01,,,,,,1,ο,10,,11118, ,000110030000010011001000

000100 [10 11001001, copon coupom, ’0001000 300 00001000 Pill.

1111001.1,,59 79. , 00010. 3000001.

0001000. 300 0001000 ,00010ιο 300 0000110000

00011. 30014006000011. 1 0000100011. 300 00000011

000001ος10071 1100000110],00000101102100, ¹ 0000000010 01110001. 300 0000000001 (1011006
7· ¹ 00000011, 00000001100000100011. 0000010011,

0000600 ῃ[1087140030601101 00006000, 30000001, 1 11011095,106,111,119,191,199.

303331 331333· .......... 0110101101, 144.

0000011006 300 00001006 31 Andron. 3 ο,,,,,,,,,,,,1,, &mmmmm

Gramen See (100010 ’ 00100... 810 000, 0000... 0010, 17

0000001ογ, 00000010, 1100110010 9 91, 33.

0000100631 106000, 0000011οο6, 1100110010, 00011193 300 00010011 310101).

¹3 39 49· 0001101130101100 300 0οο100011 301100.
0000000οο, 0000000000, Euat, somerset, 393. , 11,-0,,,01101131000010 300 (100ρο0113110).
0444447944· 9499494793· , croppiboteler. 300 00010011 Butler
οωῦθῙῖὲθΚηωῙῙ, omn, 110113, 39112, ,Οῐορηᾶ,,01·ορῃ1·1ῂο,οήοῃᾱ 167

0 ,00010011300101000011001011 3101000101110110
000100 [10 1101101001 00000000100, 0000000- 104

1011110131 ⁷⁶⁷⁹ ¹ c....,r0p4411, probandos, 151.
omn 333 37333733 3 00010011301100, Orophill 30111100, ,0007)ξέ

cramm- sacrum. ¹ 11000, 0100, 91, 101, 104, 130
0000000010. 300 0000000010. , 134,

9444444· 3⁶² 9449491· 1 0000000010,0000000010, 00000010. 30000001,
0000000010 3010111. 300 0000000001 1101110. 994, 306, 313, 350, 335, 496.

0000010. See Gruter· 0.... 000 [in mmmm. 0100000, 0000-
0000101[10 19110011, 000010, 001006, 169. 1011, salop, 937, 949, 970.
0000000000. 300 0000000οι1 0111006. ¹ 0000100. 300 0000100.

99169 911

 

