530

Mffl’lssffffln' 11015011, 001006, 162,183,
801501 113·ᾒο 8015011, 1101011103010, 001006,

11015000. 8001101000.

110110080100, 230.

11011ογ 1155010. 11011000, 1101010311 1001080000
[Bridgnorth]‚ 80100, 218, 231.

110110] Pam [in 1110001110],11011000,80100, 219.

Αο101[1081001100], 50100011, salop, 226.

110100 [113480001001 80100, 011006, 162182,

......... (8011006). 8001100100.

......... [near 0010001011 80100, 236, 252.

......... 1800100001). 800 8001οο 1110006000.

110100 500 (Ayer). See 140100 Eyre.

110100 8011100011, Hauon, 50001οο 8010001,
80100, 218, 231, 242, 254, 266.

Annon Eym, 110100 1100010001, 80100, 218,
231242, 254, 266.

0010010010 0000. See 501οο Rogata.

50100 [1011111101 1100150010, 20, 39, 444.
50100, 11116610, 1116611500100, 1116100100,

· 1116601 110100, 1116601 1110100, 001006,

155, 164,177, 195.

110100 [11000100. 10 1111001001 salop, 229,
244, 245, 249250, 268.
80100, 110015, 1100011100, 11006 num, 01.

1001155, 164, 171196.
110100 0218133 0100 [in 80000001 5000100, 80100,

1101οο {osen [in Worthen]‚ 110100 juxta 0000,
110100 8000801825ΐ112860031110100 800010
811000, 001006, 171, 192
Annon, 0880ῐέΙοῖ 65810 lhfflflobssffiiloston,
Astoeloyghe. 'See 10100100. Ι ’ ·
11
1101000 ([)ιοί 8Ξίοἳ 6ξο011ἓὲ11ξο4150000 11015000,
000, , , .

14010011 [10 Syl-enham 006 8000005001,
1100150010, 3, 19, 41, 445.

Δο1010119[1218ἶῖ161100], 8010001, 1100150010,

1101γο100 800105103100.

1115000. 800 Adher.

11105001. 1101050111, salop. 228.

5105000, 11105000. 11050000. 800 Adher.

8150001000 [10 white hokingtonJ, Athel-
Ξὲἆὲωῧᾟὲ, 060100600100, 8001100001, 318,

11500011. 8008600011.

1110105010. 800 5105010.

51001100. 800 11601000.

11110500. 800 Adher.

Α11005οἷ0111ἔ1ὀ, 56003511ος5, 110110, 050005
0, .

Α111ος11οἔ11,11ξ1ἷο600,51γο600, 001006, 167,

1100110] [10 8001031001, 110110 (and 80010),
51101000107, 112, 129.

INDEX OF PLACES.

Audewinole. 800 1416010110.
11160Ἄὲ61 1110001οο 80], 01601000, 80100,

10000010. 8001010010.

5005000600 800 5015000600.

Auro. 80011100.

50010. 800 111111.

11010501οῗ,2 111οἏ1ξο010, Avarum, 110110, 95106,

.......... Egrum, 05000501, 144.

Avill [111 8111101001 80001, 111010, 80000001,
296, 802, 334, 841, 390, 430.

5050000110. 800 1155000101.

10000015, 516100οο6, 1116εο00015, 110110,
99, 110119, 130.

1405016ἔέ5040500030, somerset, borough 01,

.......... Ambruggo, 050005 01, 401.
1060081100005011301 1100600, 1115015.. 59,

Aydon 111000 [51001011 807600, 110600,
1115015, 53. 63, 77.

501001ος. 8008010101.

Ayle. SeeEly.

Ayngrnme. See Ingmm.

Aynhoe, 110050, 1100150110, 2, 19, 40, 445.
110005. 800 Aah.

0000500050. 800 1011001050.

5000110 8101011. 800 5055011110.

500100, 110100, 11011006, 206, 207, 212.
..., 050005 01, 210.

1100100 (8010000011. 800 805100, Long.

B

Babbehry. 800 8050000.
8055000015. See 80500015.
80500οἑἱ 511ιέ303γὲάέὼώοῃ somerset, 305,

.......... 050005 01 , 398.

8051113100, 80510100, 805 100, 80000001,
273, 310, 828, 355, 7, 426.

.......... 01100011 01, 897.

80500015, 8055000015, 110110, 1911116, 189.

.......... 050005 01, 149.

Bnbyngton. 800 8051ος100.

8050111100, Pam. 800 80000100, 1111110.

8000100110. 800 80010011.

80050. 800 80105.

80010011, 80010011, 8000100110, 8011000110,
80000001, 291, 304, 324, 347, 381, 427.

.......... 0110005 01, 413.

8001000015 [10 Εο00600], 80100115, 79.

8000011. 800 81010011.

80650, 8086050, 11οο1110010, 86.

806300, Romanor. 80100, 228.

 

