538

85515155. 855 85555555.

85511556 85511515, 85151556, 85515556,
85551556, 85151556 85555515, somerset,
273. 310, 328, 355, 387, 425.

.......... 5156556 51 413.

85511556 85 111515, 85515565, 8551556, Boo·
15568555551115115, somerset, 292, 315,
380. 337, 373.

.......... 55515551, 409.

85511556,97555,8551556,851551555, 325.

851582388116555511851555511, 85155, 233,

85515511, 85155511, 85155518, 8155511,
8155511511,051516,158,139’, 181, 191.

855555. 855 85555555.
85655 [158651555551855555 Νο555, 108.

85665515, 8566551555, 856551515. 855

85655551ιί18κὴ 855 85555555

8ῃῶοω 115555, 37, 75, 78.

855515851Ξ18ἕὲ551515,,855155151 Ν51555555,

8555555. 855 85555555.
85116555, 85165555, 815515, 85155, 228.

85155. 855 855151, 1555.
85155511. 8585515511.
851555. 855 85555555

8515555 [15851555 7555518515555, 85155515,
85555, 96,105,113, 127.

85165555 855 85116555
851555551555. 855 85115 85555.
85115655. 855 8551655.
851555155. 85585115 85555.
85151551551515). 8551151555.
8515511, 85155511, Nota, 110.
.......... 5115151151, 152.
8515151.ὅ 85155115, 8515551, Ν51555555, 18,

555,,’55555,1555,51,15515511555. 1..
.......... 555155 51, 147, 148.

numum. 85581555151.

8515555 [15 umgsm 5 Νοι555], 8515555, 85155-

8515555, 815655555, 815655555, 81165555,
8155655555, 051516, 137, 132, 200.

5515115555, 155.
.......... nereford, 555155, wop, ιιι, 555,
55555555.

85151565051516, 169.

85155. 855 855515515555.

85155655. 855 85115655.

85151115] [15 8555115161 85115, Ν51555515, 47.
85155555. 855 8551555 and 81551555.
8515551155. 8558511555.
851551ὴο555851555 Sancti Petri. 855 Potor
85115. 855 85155155.

8515551551, 85611, 856111, 85651, ··

INDEX OF PLACES.

Ι 851151, 8515551115, 85115, 855115, 8551556,

204, 208, 213
.......... 555155 51, 209.

8511555 [15 855515555518515551555851-
551555, 85155, 216, 230.

8515555, 851555, 85551555, 328.

85155515,85551555,5115151ιο1.400.

85155515, 8551511551, 8555 and 17555, Somet-
555, 276, 312, 359, 369, 420.

8515555 855 8155555.

8511565555 415ι5555185155655, 8515115655,
85155655, Ν555ι5., 71, 76, 88.

85115655 [15 8515655], 8515655, 85155655,
851555655, Ν55ι55.. 61, 62, 83.

851515 [15 1155111555] 8511515555, 8515515115,
55515551, 404.

851555. 855 8551555.
858557115855155155], 8551555, Ν55151ι., 70,

....75155, 851555, 811555, 811555 75155
mNotu 96105, 113,]14, 128.

.................... 5115155 51, 141, 142.
......... 1155115511, Ν51555555, 12, 29, 49.
....., [175551 Ν5555, 106.
.................... 555155 51, 148.
8555165515. 855 81555155.

8515512535, 85,15,551555 85155, 232, 243, 252,

8555558155 and 855 [15 wammam, 8515·
15555515151151, 8565151155, Ν555515ο555·
555, 8555155155, 855555 15151151,
Ν55ι55., 62, 66, 67, 71, 74, 8386

’ 85555555, 856555515585655555155 8565·

55155816555555801551555, 291, 304,
324, 347, 361

855555. 855 85655.

8555155555. 8558115555.

8555115555. 855 855551155,

8511511555. 855 85551155

8551515 5, 8566551555, 856551515,856

Β85661515, 8685551155, 290, ’30610317
...8855155516 404.

8511511511[15 85555151 8555511555 (511),
8555511555, 855511555, Ν55ι55, 61,

8555511555. 855 81555115]

855555. 855 85555155

8555515565, 8555155555. 855 Bu
8555555551. 855 1155555515

85655555. 8558166155515.
ByfleldAEyfeldffl 8111516, Νοι555515, 20, 39

85555558. 855 8155511
85151556. 855 81516516.
855115. 855 8151155.
8115511115. 855 8151551151
85155558. 8558151555511.
85151[15511851515], Ν55515., 82.
8515515511. »See 85515511
8511555115. 855 8151551151.

 

