INDEX OF TENANTS.

Polo, 111ἐ11110, 80010, 80111, Alia 00 10, 170.

.......... 8010000 00 10, 178.
.................... Elisabeth, 11110 01, 178.
.......... 11001] 00 10, 181.

.......... Hugh 00 10, 808, 841, 891.
.......... 18011010010, 107.

.......... 1811110111 00, 191.
................... 0010, 48, 180.
801010, 801010, (1000101, 11.
.......... 18111100, 810, 800, 880.
80110100, 14001000, 147.

80010101, 80010101, 1111010808, 804.
80000110, 8000000, 00110000, 840.
80010, John 00, 810, 800.

800003ῧδ80ογ0801, 8000010300, 1110100100,

........‚ 8011011, 1010 01, 878, 888, 898, 489.
8001. 800 8011111.

800110081ὸ411ος11 00, 878, 898, 800, 888, 844,

.......... 10101110, 844.

.......... Thomu, 884.

.................... 01 1100100111, 484.

80111001, 8011011101, william, 810, 800, 880.

8000100101 azias 8001110110,00.8001110100100,
0110101, 108. ¹

80110, 81011010 0010, 41.

8011011101. 800 80110101.

801101, william, 40.

.................... 1013111, 818.

80111010, 8011011, 88.

80110100, 140010 00, 147.

800010. 800 801101.

8000010301. 800 80010000.

8001001010, 8011100010, John 00, 170, 880.

.......... william 00,888.

800101398600101, 8011101, John, 808, 880, 888,

..J ....... 1010111100.
.......... 81101000890.
.......... ffiQOmwmm

......... ,mmm 0181100100, 800.
.................... 01 Bere, 870, 480.
.................... 01 800100 81. Georgo, 488,

........ ΞΞΞΜ, 01 1101000110, 488, 480, 487,

8001, 80010. 800 Pom.

80011011, 80011011, 00011101, 184, 180.

.......... 1110111110, 108, 188184, 180.

801101. 80011, 800010, 8001, 8001, 800010,
80010, 0010100010, 889, 840, 808,
8008088118, 877, 870, 884, 888.

.......... John 00, 108, 181, 101.

................... 10, 810.

1· 10, 840.

mfflffimffimm.
.......... mmmmm&
Porloeyo. suroulaheyo.

8011101. 800 800101.

80011011. 800 80011011.

801100, 110011, 894.

Pomm, 1811110111, 848.

.................... 01 1810100110, 00. 80100, 800.
Pom, Poma, Poyntn, Poynz. 800 8011111.
8010100, 80010100, Philip 00, 880.
Poytevyne. 800 80110010.

80111. 800 801010.

810, Plau, 81000, 01111000 01. 800 1101100100-
n.

l’reie1w344greyern¹ 8110111, Ηοο1100, 14, 40,

81000οη1, 1110000100, 78.
8100000, william 00, 00.
8100111000, John 00, m.

8100100. 01100 00, 18.

.......... John 00, 880.

.......... 1101110000 00, 0, 0, 7,17, 88, 87, 448.
.......... Thomu 00, 48, 47, 447.
.......... 1811111110,44,47, 889, 807.
.......... 1811110100, 48.

8101100, 81000, 8100, John 00, 100.
.......... 80101100, 108.

.......... 1811110111, 178198.
................... 10, 881.
.................... Aliae, 11110 01, 881.

810γο10, 8110110. 800 8101010.

Prily, 80101, 80.

8100. 800 8101100.

800111οἒοὲ,1 Ῑέὲέὶιοῐοή, 8101101010, John 00,

.......... 1110110100 00, 880.

.......... 80101100, 844.

8110010, 8011011 00, 880.

8011οε000. 800 80100000.

801100, 8011011, 81, 88.

......, 1811111110, 81, 88.

8001. 800 801010.

801001, 8010011, John, 888, 888, 884.

.......... 81011010, 840, 800.

.......... 001010011881111010), 109.

80100001. 800 80100001.

80101010, Roget 00, 874;

80110. 800 81110.

8101101010. 800 80011010.

Pydnam, Podyngwn, John, 80.

.......... 8101101080.

81001, 81000, 80101110, 100,118.

.......... 1100011880.

......,00110,118,188.

......, 8011011, 841.

811, 81011010, 887.

811011ος, 81101101, 8101γο3, william 00,
98, 110, 818, 800.

81101, 80101, 91.

80100000, 8011011000, 110000, 817.
......,10110, 801.

801000, 18111100 00, 878.

 

