886

80111011. 808οᾶ101001.
8011011010. 800810110111.
80110131. 800 8001101.
80110100. 800 8001101110
Suthwoll 800 8001111011
80111111. 800 8001111ιο1

801100 (1101101. See 801100 ιιι 1101110111,
RQ 8000101100 and 801100 upon

......... (801001. 800 801100, (11001, and
Littlo, aud 801100 1101111001.

......... 1800010011. See sutton, [song.
801100 [ἑιίὶῖἒιθιι1γ1 801100, 110110, 91,101,

......... [1081110100 1101000111 0110111, 163.
......... (80001001), 0101001 01, 310.

......... Abbati» 800 801100, 1001.

......... 4[1361100011 1101110010, 17, 18, 20, 44,

......... 3180100100001, ιιι, ιιι, ιιι,

................... 010101 01, 399, 400.
nonium, 801100 80010100, 801100,
110110, 103, 124,138.
.................... 1100101100, 01010101, 146.
[000 1000111110110, 108, 116, 139.
................... 010101 01, 183.
,,,,,,,,,, (11001 [10 Diddlob ], 801100,
801100, 80100, 228, 2481281, 268.
10 1101110111, 801100 super 1001010111,
110110,110.
................... 801100, 01010101, 141.
. [11108Ἃο] 1101110010,13.
.......... Κο111100[ m [810110 ], 801100 11111110,
80100001, 307, 328, '⁰922 308, 379.

0100101 111010.

80011, 1(8130110, 80001001, 292, 314, 330, 337,

.......... 010101 01, 409.
811010οώ8001οώ, 0110111, 160, 164, 183,

81101000οο10. 800 80000010
8001000011. 800 810110001ιο1

8111011001, 80100110100110111, 188.
811010100[ιιι 0101101100] 8111010100, 111101. .,

.......... 01001 [10 0101101100],11001 Sm-
10101811101001010111101 87, 61, 83.
.......... 111110 [10 0101101100],1“01811 1010
(8010100101, 111101.,83, 84, .
8111000010, 8001000010, 0110111171.
811101οὲ [ἐι &affluam 80101011, 8110101011,
10 ., .

8111010ιο, Eut„ 800 8111010100, 1111110.
80101010, 11001. 800 8111010100, oront.
Swynebroko. 800 8101011001,

8111010111 80011010· 800 81110111 001101.
81110100. 800 8111100.

8110101011. See 8111011011.

81101100. 800 811101100.

8110110111. 800 8111101110

81300100, 0111001000110111, 171, 178191.
10]. 811100111οι,

81000100, [0001 Bri
,332, 344, 304,

80001001, 979,
434.

81001οἷιί9813051οἰ13181100100,110110,100, 108,

8111010. 800 8011111
81100 [102280011111101 ]80110οιο1001, 80001001,

1 8110110111, 800 8011101111,

......... ,ἩΙὲηΙο [ιο 010810100180110080101), 1811101. 800 11001οι1101

.......... 11001, 801100, 801100 11110110, 801100,
80001001, 288, 300, 321, 343, 383.
.................... vinage 01, 418.
11018001, 801100, 801100, 80100, m,

[MolletL 80001001, 290, 317.
........ Militia. See sutton, Knighton.
[MontiuL 80001001, 319.

................... 010101 01, 398.

NPgmynl [in 1101111100 or 1106101111
010

Α,010110218001010111800 80110010

8110101011. 800 81110100.
1001000101, 81100011, 8001000011, 80001011,
311330387, 378.

.......... 8001000011, 01010101, 410, 411.

8010101180, 8110101110, 8101011110, 8001101100,
0110111168178. 188.

8110011118008000011101.
8000000110. 80019101 Fam.
8110110011 [10801100],111101., 88, 90.
8001000011. 800 8001000101.

1810110100010 [10 0110011111 8103100001,

gffimmb’ 80001001, 278, 303, 340.

810011000111. 800 8110110111

81100100, 81100100, 110111ιο10, 3, 4, 19, 41,
42, 448, 446.

81100100. 8008100101οο and Syerston.

Synton. SeeSilvington.

syvell, 810011, 1101110010, 27.

Τ

1001101, 11010100, 1011010, 111010, 10110100,
0110111,188.133,1’17, 196.

’101100011οο 800 1011001100

1111000111, 800 11100111.

1111001100, 1180001100, 0010111, 188183.

11001010. 8001011018.

’101010101101010110101800 1101101,

Tamo. 800110οο.

Tumor, 1000010, 8100000010, 1100100010,
1101110010, 23, 40, 81, 447.

 

