INDEX 01³ TENANTS.

11010110. 8001101100.

11011010, John 80, 247, 252.

.......... 8181111 (18, 24⁷2 252·

Mallote. 8001101011.

1101οΙ000, 80. 8001101110.
88011ἐ88011010, 1101011, 1101010, 70111, 80,

.........,Ρο101,88.

.......... 8101018, 30.

.......... 801011442.

.......... 8111101124.

.......... 8101101124, 445.

.......... 1101110011.

.......... william&

.................... 11111111, 248, 282.

11010101, 1101110001, 1101011011, stophen, 97,
107,115,138.

1101001011, william, 382.

11011110, 11010100, 1111110118 80, 176, 842, 375.
110ςί0018, 192.

1800801111, 1101180111, 110111180νί10, maunde-
10110, 11000801110, 110υο801111, John
80, 288, 287, 295, 299, 805, 848, 383.

.......... 8101101880, 4, 44, 50, 447.

.......... 80101180, 828.

11000110, 80181110 80, 18.

11011010, 11111018, 81.

.................... Agnes, 0110 of, 81.

.......... John, 87.

.......... 8010118085.

110801ῗῇ, 1101011001, 00. 110110, 0101110111 of,

1101111111, Thomas 80, 188.

1101011111. See 1110101101.

1101010111. See 1101110111.

11010110. 1800110101.

11010, Delaman, 11010, Briau 8010, 418.
.......... 8811111118 80 10, 228.

.......... 8001110180 10, 27, 47, 208, 448.
.......... 1001018010. 1800800010.
.......... John 80 110188, 190, 222, 852, 888,
.................... 20111011, 11110 01, 222.
.......... 10018010, 188.

.......... 1110101008010, 277, 809, 854.
.......... Peter 80 10, 189, 180190, 277, 294
.......... 8101018 80 10, 854, 388.
.........,801011, 198.

.......... 1101018010, 229.

.......... See also 11010.

11010001. 8001110101.
110100010111010001011. See marshal.
1110100001, william 80, 289.

1801010, 110100, 110110, 11011000. See Μο101.
1101301186,8 (111ιὲῧο ἓὲιΕιιςῙιιηᾶ, 28, 80, 164, 188,

1101101101, 801111 80, 819.
1101110111,1101010111,11011010111, John, 189.
,,,,,,,,, &oben-t 80, 98, 115, 128, 188, 854,

487

1101111110 [10 8088101100, 000. 8081018 0118
801101, 110111010, priorem 01, 189.

1110110011. See 1101111118.

1101110110, Thomu 80, 880.

1101101011, 1101111100, John, 28, 154, 170,
176, 198, 200.

........., Philip, 154, 215, 2211, 221.

.......... 801011, 48.

.......... 9111110111,448.

1101001111, (1118111, 000 01, 257.

11011010. 800110101.

1101001, 11010010, 2101110080, 92, 97.

110101, 1101010, 11011000, 110110, 1101010,
110110, 1101010, 110100, 11011010,
11010001, 1101001, (7111011000 80, 18.

.......... 1101101180, 809, 310, 328, 354, 856.

.......... John 80, 18, 27, 278, 297.

...., 1110101011 80 10, 818.

....., 801111, 817, 340.

.......... 1101110080, 858, 860, 868, 889.

.......... 8010180, 241.

11010101, 1101000010, 0011111000, 889.

........., 0011, 285, 298, 803, 805, 807, 809,
818, 888 ; 000 aluo Bigod, Roget.
11010101, 1111101011, 1101000101, 11010001011,

John, 15, 21, 89, 44.

.................... 001101 william 10, 21.

.......... 80111110, 326.

11011011, 8101018, 110.

........, 8011011, 98.

1101110, 11011111, 11011011, 8811111118, 384,

........., 801011, 298, 803, 321, 841, 844, 847,
857, 381, 388, 391.

’ .......... william, 274, 295. 297, 800, 302, 308,

305808, 312, 818, 819, 820, 321, 325,
384, 341, 844, 348, 849, 352, 888, 384.
.................... 81001101, wife 01, 802, 803,

.................... 1018 01 81011100, 802.

110110, 8001801011.

Maon, 1800011, Hugh 10, 217.

.......... william, 318.

110001, John, 199.

1100101, 801011, 291.

8011010101, 8010180, 288.

1101101001, 2110010080, 115.

1101101001. 8001101101001.

1101101010. 80011001101010,

110110101,801011, 130.

1101101001,11011101001,00. 110110, prior 01, 149.

1101100, 8101018, 251.

11011100, 80101000 01, 218.

11100800101,11008, 132. -

110118111110801,110081111, Μο081111, Μο1181110,
11081110, 1111111811, John, 158182, 177,
183,194,195,

......, 801011, 158, 228.

.......... Thomas, 288, 215.

........., william, 43, 45, 448.

1101180011, Roget, 59.

 

