1111111011 1110110.

301110ιὲιῶ [in 0111100111 3011100, 001011,

300010. 000 3000 3011.

3001100011 [10 30011001 3000011, 3000011011,
3011011000, 30000000, 300000,11111100.,
66. 67, 71, 70, 06.

3000 3011 [111 01. 001110, 001011000111300001,
ffb, 30010,00101),201, 205, 201,

30000111003001111100 [101101 00010001, 100.

301001. 0003000011.

30111010. 0003010011.

30100011, 300100011, 11101110., 74, 77 , 90.

30100101, 30100101. 000 3010101.

3010010010 01010, 3010011010 croy, 301001-
1010 0101, 011010, 170, 176, 201.

3010010010 3011110111, 3010011010 11110111,
301001101111010) 0111111110, 301001101ὀο
Pyppud, 011010, 170, 176, 200.

301000100110, 300011010οῳ, 000111, North-
01110, 0, 7, 27, 42, 447.

3010011011. 000 30101100.

3010010011). 000 30111111οο00.

3010101 [in 3111100101 30100101, 30100101,
11101110, 04, 00.

301οπ011, 3010011011, 1101100010, 24, 01, 440.

30110100 0003000101100.

3000000101 [in Ovingham]¹ 3000000110,
1110010, 00, 06, 05.

30111010. 000 301101.

30010011οι0. 000 3000110111.

3001001110. 000 30101000.

3001οο01100. 000 30011101.

Μο00οῧὲ31113ὲο011010, 3010011010, 011010, 104,

300100011. 000 30100011.

301100110030110001111, 3000110, 0011101001,
007, 000067.

3011000[111010101110011 0001111001, 400.

3011000110. 000 3011οο11011.

30001100. 000 3011100.

30110100. 000 30001011.

30111011 [in Alberbury]‚ 301011, salop, 210.

......... 2[ AEafligh 3100111 3111101100, 001011,

3000011100, 301 100, 301111111οο, 110110,
100, 109, 123, 106.

.......... 000100 01, 147, 140.

311ομ[111 30111010001 311110, salop, 202.

30110111. 000 30110111.

Bugge. 000 301130.

30111011, 11111010, 79.

3011018ἓο 0000011101 30111010, 11111010, 74,

3110111100. 000 3111111100.
30111110 ton, 30001000, 3001111100, 30111100,
101111 went, 0001011101, 200, 002,
040, 070, 407. ’
300000. 000 30000000.
3000002134, ξὲὄιξῶω, 30000011, 00101), 229,

079

3110110011, 3000000011, 3000110011, 3100001100,
1101100010, 14, 29, 40.

3000100, 30101011, 3101011, 1101100010, 9,
24, 01, 02, 446. .

30000011. 000 30000011.

3110001100, 3000110011, 3000011011. 000 3000-
deun.

3000110000. 000 3001111011.

3001111100. 000 31100100.

3010011 [111 111010 31110111 3001110, 3010010,
001011, 220, 229.

3010011010 Pipnrd, 3010011010 31111010. 000
3010011010 30111010.

301011. 000 nomn 0110131100.

3010010. 000 310010.

3011000011. 000 30000011.

301100. 000 31100.

31011 [10 00010100001 31011, 11101110, 00.

310111301000). 000 3111011.

310010 [10 30001011 3010010, 310010, emt
01111 1111110011010, 104, 172, 176, 190.

3111110011. 000 30010100.

3101111. 000 3101111.

310111Ιὰ0 ἓ12111ἒ10, 311111, 31100110. 200, 206,

.......... 0001011 01, 210.

3110 [111 110011111οα011 310111, 310011, 01001
0011311110, 1111111111, 69, 70, 79, 09.

3111111100. 000 3110111011.

3111101000. 000310101ωά.

3111111111οο, 3111011011011. 000 3111101100.

3000235ἓο0, 301100, 001011, 220, 204, 200,

0
0111110001. 000 00011001.
01. 3000100110, 0011101001, 1100000 01, 416.

.......... 11001010 01, 400.
01. 10012ῧο0 End [in 3001011001 1101100010,

0011010, 00111010, 011010, 101, 160, 104, 109.

0011010 1001001001). 000 00111010.

0011011011, probandos, 270.

0011011. 000 0111111101.

01111010 (0110111). 000 01111010.

00111010, 0110111010, 00110111, 0011101001, 011,
020, 007, 379, 000, 421.

.......... 0111110001, 412.

0111111101 [in 01000ἰέ81001 0011011, 00111111,
11111010. 09, .

00111 [1111 1000101 0011101001, 012, 009, 069.

0110101001 [in 0001111001 00010101, salop, 220.

00101010. See 00001010.

0001111οἓ 000 0010111010 3101 aaa 0011111010
ou.

 

