582Ι

81510111 1101101 [10 8001011801 8155010111
Qun, 0110111, 1611178, 173,186.

81510101010110. See 81510111 Fortis.
8151110110, 8155111011, 81515011, 8111015011),

110110,100, 105, 119, 125, 131, 132.
.......... 050105 01, 143.

81115011, 81115011, 80115011, 80111011, salop,
232246, 52, 207

8111005010. 800 8111005001.
8110011[10 80110111 8010010, 0110111, 162.

8110110115 [10 1101101111 8100110000115, 811100-
fflth, 81001000115, 1101150010, 35, 441,

8111001000, 8011011100, 1101150010, 21.
8111101100, 8110100, salop, 232.
81001000115. 800 8110110115.
8110110010οο. 800 8501110100.
811005οω. 800 811005001.

81100100. 800810101οο
8101005001111011, 800101001, 318.
8111011 8008111011.

8101011110. 800 8001011110.

8110151, 110110, 110.

......... 8381οω10051 110110, 34, 106, 111,

8101150111. 800 8101150110.
101111013θὲ11101110, 8011101001, 275, 303, 347,

.......... 05010501407.

8110001111. 800801000110011.

851101010. 800 85111010.

810101, 81000101, 8100101, 1115105, 54, 85.

81010 [1081111101101011 8110101001, 381, 305.

8101100, 1101150010 15, 21, 40.

81000101, 8100101. 800 810101.

81001) [10 190101 810110, 80101, 228.

81015010 (010), 800101001, 283.

810110. 800 81001.

81101011, 01111100,1101150010, 12, 13, 48, 448.

8010150010 [10 1101100111 80101, 263.

8010150011, 8001500010, salop, 215, 230.

8001100011, 1115015, 73.

80010100, 80010100, 110110, 103.

8001100100, 00110011, 203.

8011101[10 1101550111 801110,1115015., 77.

80111100 [10 811101101180101, 234.

8000000150 [ἰὲι8 8101110111 8001000001», 110115·
0010, .

801110. 8008011101.

8001, 801, 80001001, 050105 01, 403 (510).

.......... 0ng 1101110101 1010101010,οωοο
001, .

......... 1011080150. 800 1110111010 8001.
80110110. 8008001101.

801051. 80080151.

8010100 8008001100.

80115010. 800 8001110111.

8010001010, 0010111, 103.

INDEX OF PLAGES.

8001111100, 0010111, 157, 163, 180, 130. ’·

........., Est 8010011οο, 8011101001, 280321, 423

.................... 050105 and 1100101001, 402.

80011. 800 saud. “

80010111, 80011010. 800 8001110111.

80101, 801001, 0010111176, 193.

801100 (110110) 800 801100.

......... (salop). 800 801100, 8100101111 8111100
1001100011.

......... (8010010011. 800 801100, 11001.

800111οἳ116,980115010, 8001150100, 0010111, 158,

Soultoufflssin2354'om]⁸ 8010100, 801100, 80101,

800111 8100100010). 800 81000 8001011.
800111 11011100 (1). 800 81010 under 1100111οο.
8011150161113133010 Β10110101 80150110, 800101-

80015010111. 0001111010.

8001501110 [10 80100011 80015011, 80150110,
1101150010, 47, 448, 448.

8001511011, 80151011, 110110, 35, 105, 112127.
.......... 05010501, 151.

.......... prebenda 01, 151, 152.

.......... 11010011 01 Paulinus in 150 0511105 01,

0111110οζ 0111111, 1011111000, 10111.

80111. 800111001001.

8101010111 [111 0111100181010110111010), 110110,
100, 104, 118131.

8010111 01811οῗ8811ῗο

8101101010. 800 8101110111.

8110111050οι. 800 81101110 Ηο1.
810151081411άξὲ1101010, 8010011101, 300, 319.

·········· 05010501398.
810110 1101 [10 10110051 8101105000 (1101,
8001011101, l.

Sputon. 81010100. 8011101001, 281, 308, 335,
352, 393, 435.

.......... 05010501. 400.

8100111111οο [10100111100181011111100800101-
001, 285, 321, 429.

8110105011, 8101005011, 0010111, 105.

spor-ton. 800 8110101000.

8101011010, 8101011010. 800 8110111010.

8110111001οο [10 8010501151 8110010000,
811000101000, 11151115, 67, 75, 78.

81101100811101100, 1101150010, 15, 23, 30, 37.

81100005010 (010). 800 1101115111.

81101100. 800 81101100.

811011101011110). 800 1101115111.

8110000010οο. 800811001001011.

810050110. 800 8110105011.

8100500100, 8101150οι, 0010111, 167.

81010111. 800 81010111.

8101110. 80081000.

81011ωᾶἐὶ ffl‘buUJ· 8101110110, 80101, 210,

 

