002

0100111(ἔῦιέ0 01111100, 0111111001, Christiana (10,

.......... 11100 00311, 328, 307. 380.
.......... 111100 00, 103.

.......... (1001110100, 100, 119. 132, 232.
.....,..., John, 250.

.......... 1010 of. See 11011111.

.......... 1101111100, 23, 219.

.......... 1101101100, 101, 120.

.......... noges 00, 331, 337, 373.
.......... Stephon 00, 230.

.......... Thomu, 132, 130.

.......... 1111110000100101, 100, 119, 284, ’

314, 310, 337. 373
0111010010 [in 1111000100,οο 0010011011
0101010010, 11110101, 321.

01011011, 01000110, (10011101 00 289, 300, 307.
317, 300, 351, 300, 307, 382

.......... 0110011000, 300, 307, 382, 331·

......... See 0100 01011011.

0101101100. See 0101101100.

supha, 1110110100, 232.

stophen, 110101 0011 01, 222.

0101111100. 000 0101011011.

0101110010111110. william 00 10, 240, 202.

0101101100 000 0101101100.

01010000, John, 334.

0100010, 11011011, 81.

0110111010, 11011011, 290.

0111011011101), John, 110138.

010010100. 000 0100100.

0100Ιί11111. 000010111001.

01001011, 3100101011, 0101100, David 00, 210.

.......... John (10, 240, 200.

.................... 01 0100101011, 00. 001011
1111111110, m

.......... 1101101, 200.

0100010, 0100010110, 0100101110, 0100101 Sec

0.100101
01000101, John, 303.
0101111100 000 0101111300.

11101011ἷὸ7. 01ὅέ 011101, 00. 0011101001, prior 01, ,

’ 01010, 110110 01, 10.

.......... 1110110100 00, 30.

.......... 1100011 00, 448.

.......... walter 00, 310, 339.
0101011001. 000 0101110011.
0101011100, John. 389.

010100, 0101100. John. 41, 48, 197.
.......... 0011100110 00, 17.

.......... ’1110100040

01011101, 01011101, 1101101100. 341, 390.
0101100. 1000101100.

INDEX OF ’.1011141110 ⁴

. 0101101110. See 0111101111. ,

01011110. 000 0101101.

1 010110, Elian (10 111, 290.

.......... 1101110010, 307, 351. 371.

1 .......... John 0110, 331.
, 0101110110, 01001011, 11101010, 103, 188,

0101101, 01011010, John 00, 170.

.......... 1110111110, 1111111118.

.......... 110011,191,000.

01001011, 01011010 00, 20.

01011, John, 370.

01011111, 01011111, John, 213.
0111111010... 304.

01011 0111. 000 0101111011.

0101001011. 0101111011,1ο111100, 39.
...,Τ11011100,41.

0101οω01111, 0101000010. 01001010001010.

’ stotevill. 0111101111, 0101101111, John 00, 110.

.......... 1110110110 00, 103.

.......... 1101101100, 93, 38, 110.

.......... 0100100 (010100) 00, 103, 124.

010οἰ11. 000 01011011.

01001100, 0101100, John. 300. 307,300,371’,
382, 383, 380, 387. 380. 339.

.................... 1110 01001, 387.

.................... 01 11001011, 423.

......... ‚mmm 0131001100, 00. wilte, 1011111,

.......... 111111 1., 1011100.
.......... 11101110, 01 1101101,11011,110.

0100011ᾍὲ13011191ὲ Thomas, 111111101001011011,

¹ .......... william 00, 329.

......... 000 0110 01011011,

31101101,01100011010 1101100011011411101,
7·09, 9,03 04, 730 70.

1Ἣο110011113360011000112111, 11011010 00, 323, 340.

.................... 01Η111001101,11111111,438,
0110110111, 101001, 39.

1 0111111ςο 1101101110, 01110000, 1111011010, Leu-

trango.1,estra.1unge 01.111111110 Fulk,
220, 22027, 220, 230, 234, 230.
.......... 0101111100). 220.
.......... 1101001100, 237, 248.
........,1001101,221.
........,.10111ι, 178. 210. 218, 220, m, 222,
223, 227, 230, 230, 230, 237, 245, 200.
.....,..., .....,...,11111111, 190.
1010 01, 201,202,401.
.......... 1110110111, 00.
.................... 01 11100010, 11111111, 283.
.................... 1010 01, 11111111, 204.
.....,110101 174 220, m, 230, 202.
.......... 0110100040180.

010111οἓ150811ζὸ01131011338010011011 Rfllph do, 0110110ῐο, 1100011 00, 133.

0101100. 0008100100
0101111100, 0101111100, 11001000 00, 7.

01100010. 000 81101110.

01100010, John, 330, 340, 070.

.......... Margaret, 371.

 

