INDEX OF PLACES.

1101100111οο [10 6016000061 110110, 106.
......... 1[0008119630 {3161st 111 1110011001 110110,

......... 1,[0116’1001] 110110, 94, 96, 106,111,
116, 126, 126, 126.
......... 0000 6001 (nuper 6010), 110110, 106,
109,124,166.
................... 06010601, 146, 146.
1101000100, 11011006, 206, 207, 212.
.......... 0110106 01, 210.
110116010, See 11016011.
1101160ωο1410, 06010600011
6116011110. 60.
6166000161.
61. 61100, 60.
61. 6103011, 61.
61. 11011, 61.
6111106001, 61.
st Peior, 61.
61. 6000101110, 61.
1101166241ἓᾏὲᾈ11011660106, 1101160010, 47,

6011661010. 6016100110110110.
1101160106. See 11011011.

1101160010 (0011 0111011011), 110110, 106.

’ 1101161010. 6006016100.

11011600. 6011101100110601 1101116οο.
.......... canonicorum. See 1101100 1116-

11011οΞ6οὲ1οο 111010 1)0100110,11011601110,

...[10 61100 6011001111, 11001011, 60100,

......... 21[1811 6001101011 60100, 260.
......... ὲίἰ 2⁸{iginiiigton}⁸ 60100, 224, 246,

[10 6100110111 60100, 226.

[1060011 601οο, 226.
(6010010011600 1101100 61 Philip.
[in 6011010101 6011101001, 612, 666,

......... Β1100,110110011100 (Erinyn), Oxiord.
161166, 194.

.......... ιο6611 1,00 6600100 (Chipping.) 1101·
016,161,166,16616

......... ιο60011111. 6101101100 61. Philip.

......... [10111110 61101011001600101001,
mammaea, ,416

......... [6110001001 6011101001, 264, 666.

.................... 0611106 01, 409.

......... [61000011101160010. 21, 40.

......... 1101116016 [10 Notion 6011010161
ξὲῗοῶἒὲξὲῆῦο, 6011101001, 607, 626,

......... 11001, Ηο11101100, 110100011011, Hog-
000010000001101011016, 160, 164,

......... l] ’81661686010060 See 11011011

......... 1101100016, 1101100 1101101016, 601001-
101, 612, 626, 666, 679.

676

norton-eone.
......... [11160010011600101001 2916066261

............. miii, 1101111οο 600016001001,060106
· 006 11001000 01, 697.
......... igni [10 61110οἰ00 11011001 0110111,

61. Phili ‚ Notion, Notion Sancti
1111111001601001001, 279, 624.
......... ,θῶμηη1101100 Comitis, 060106 01,
[011601 Ηο106001 6001011101, 266, 627,

i ””””” 110.

1 .................... 11011600, 01101011 01403611),
11011011,110116011011,110111, 106.
.......... 0106006001, 161.
1101011010, 1101011011. See 11016011.
6011101600, 60101136 01, 106.
......,.., 06010600 01, 1661-
61611111, 142.
61110101, 142.
st. 1110601110, 142.
11000000. See 1101106010.
11010 Mora. 60011100111011.
1111610161, 1101011016, 011016, 171.
1101106010 6011111101, 1101100600,011016,166.
HumyffigN‘ssffiy'ssgssmi’ somerset, 277, 609,

.......... 01111106 01, 697.

1100100 [in 11101001 1101160011, 446.

1111111011, 110106011, 1101061110, 110116010, 110110,
96, 99, 110, 117, 129.

.......... 06010601, 140.

1101106006111011616, 6010010111, 0611106 01, 406.

1111100100. 600110111οψ11.

Nywoton. 6001100100,77001.

1101101011 6010011110. See 11011100 [10 1001111

1111101οο 60101011. See 11011100 61. 100.

11111100. 600110110117001.

0

001, 61, 610, 6011101001, 234, 606, 649, 666.

.......... 0611106 01, 406.

0016001, 0060111,01060111,111111006, 207.

.......... 06010601, 209.

001101 [10 6611160100 11010011 01010, 6010,
600101001, 274, 620.

......... [10 6101111016] 0101000, 60100, 226.

011111,10100011,001011601110101001
1111110,1101160010, 16, 26, 44.

0011[102001006011],010,60100,260.

0010, 630126ξ151ὸο1. 0010, 60001001, 296, 606, 664,

0016111 [10 1700101111 0160110, 11016011,
0161111, 6010010111, 617, 661, 669, 662.

061006, 06101. 6011111101.
0061110. 6000016110.

 

