570

2110118, 21818818, 200118818, 2101188180,
20011818, 1108118818, 1, 22, 49, 418.

21180018, 28088001, 21088008, 210800018,
20080001, 2018808810, 20088808,
80088881, 294, 808, 822, 849, 885.

2110188188, 2088018188, 80088881, 018801 880
81808101, 408.

.......... 2100088188, viu-nge 01, 409.

211080, 2011888, 2011880 10810, 80088881,

218180 [18 Ηιο81081], 201818818οο, 88100, 220.

. 2181888810 [18 0888 81088801 21818881810,

21808881810, miggen 80088881, 281,
808, 852, 888, .
218181 fflcffimoss 21888, 2188818, 88100,
......... [in' 0888800 88 mm, Pla-he,
80088881, 804, 847, 892.

2118881810. See 2181088810.

21888, 218888, 18. See 218181.

21808881810, 218081810. See 2181881810.
210880803 [410 North hydburyL 2100008, 88100,

Ἰ 818803ὸ80080οῑ08000888888], North·

......... [10 2088881881 1108118818, 21, 40.

......... [18 2801888 2080], 1108118818, 5.

21000188. 888 21001888.

2180108. 8882Ιο00100.

Pinum-502.³ 0000188, 21000188, 110118, 108,

.......... 81088101, 148.

20181888. See 281108.

2008018. Sea 2018018.

2011811001. 8020011001.

20010088 1111108. See 1111108 20010088.

20018108, 20008100. 888 2100180180

2001110881. See 28011881.

28188000. 888 2081811108.

20188180. 8882081οο.

20110100. 8882881101οο

2818. See 20018 2880.

2011801. 888201818001.

2018. 888 20018 Fam.

201818001, 201818018, 28181801, 2011801,
1108118018, 28, 48, 51.

20181111[10 11118881οο1, 2881881808, 2888188-
hill, somerset, 280, 802, 487.

2018881881. 88820188818181,010881.

200181880111880, 1111010, 58, 80.

2001881010, 88100, 284, 241.

mm. &eroyntingtom

20018 2880 [in 8180100 1880], 2018, 2018,
88100, 225, 245, 250.

20008181111 [10 208108], 2088011, 2088811,
0008117102.

2081881, 208100, 208101. 80088881, 295, 802,
884, 841, 890, 480.

800808800810005021348 382. 421.
.......... 81888101, 418.

INDEX ,02 2110118.

2081181880, 2081018880, 2081118880, 208188·
1410708, 80088881, 805, 824, 848, 881,

.......... 010801 01, 418.

2088811811, 20888108, 88100, 228.

2088010888. 888 2088108.

2081008510 0090108 088081080], 20811088,

880188[1100808],8801ῳ, 1³01oe .
ξςθῃ 405. 17881, 80088881, 818, ,

2018018Νο01ὣο1οι111 hfflsslgooeote, 20181018,

8 , , , .

2011881808οἦ, 41138101181, 28100808, 1108118818,

2001881808. 888 20181111.
200181. 888 2881811
2081881111, See 20181111.

20081180108, 200180108, 2081080108, 2081-
180100. 20 1 0, 80088881, 289,
88, 8018111108

.......... 810801 01, 809.

2008οῧ18 11101 11888111 28008108, 88100,

20081000100. 888 20081100100.

28888, [018801],88100, 280. ·

28888, 2888 80100, 222, 220.

288001012 [1098Ιο81800 2888088801, 111101,

2888. See 28888.
2888008. See 2888100.

“ moa [0 oroma 88808, moto,

otford, 108175, 180.
2888800 [18 088180], 288888888, 2188888,
111101, 00, 07, 80.
28881801. See 28888011.
2888181801, 28881818. See 2810118101.
2888111008 [18 1108117881081], 88100, 228.
20811801, 28881180. See 28188118101.
2888108 [18 1088000111, 28880001111181, 79.
......... [m 8111801801, 111101, 08, 70, 78.
.......... 11011880, 205, 217, 212.
......., ..., 810801 01, 210.
.......... 80088881, 888 ; and 888 2818100.

........ 8880080880, 2888108 1100810880,
Ι(02808100 8880080800, 80088881, 278,

20018 [18 1101οο ], 2888108
{agor 18 11888, 88100, 2 8, 280, 248,

881000088, 2888108 011181, 80088881,

2800118881 [18 81001080 and 11088108
Cothon, 88100, 221.
, Oa , 2888108 110088, 2888108,
11081 18, 80, 88.
[08888800 1108118018, 7, 27.
0811818, 2888108 (101810, 88100, 281.
111118 [18 2888108 000880 2888108,
Pam, 1108118818, 88.
........ 1100810800, See 2888108 8880000·
880.

 

