INDEX OF TENANTS.

J

111111, 303111, 191, 200.

1111, 101131, 238.

.......... John 31, 233, 234, 233.
1111111113. 311 1111101111.

111111. 311 (111101.

1011, queen 01 31111113, 40.

John, 1111310101, W.

.......... 1031 101 01, 103123.

.......... 31111113 101 01, 4, 13.

.......... william 101 01, 317.

Johnson, william 129, 130.

101011011, 30311131, 93, 105113, 114.
.......... 3111111113, 123.

Jordan, 1113111, 31111113, 243.
.................... 01 1103111101, 10. 31101, 239.
.......... william 101 01, 37.

1011. 31110111.

10111,1’301111,42.

111311. 3111013111.

1111113311 11, 13.

1111, 101111, 1111131, 379, 330.

......... 423, 01 staunton 111111, night,

Κ

3111, 0111, 11111, 3101, 1111113111 31, 233,
313, 331, 337, 332, 339.

nuent„ 3110111131.

31111111, 11111111. 3110111101.

3111111111. 31101111111111.

311311111ιὲ1ἐ 1111811 01 31111113, 133,191,192,

111111111. 31101111111

11111. 3113111.

3111113111. 311311113111.

11111. 31111111.

3111113111, 1111113111, 3113113 31, 113, 133.
111111, 10311 31, 307, 334, 330.

1111 3113111.

1111111101. 311 1111111111.

3111, 11113113, 01 1111101, 420, 422, 423,

.......... John 31, 352, 333, 333, 373.

.......... 3103011131, 303, 343.

3111110113, 3111110113, 3111101033, 00.
Wmiek, prior 01, 207.

11111111, 3111111, 239, 244.

11111, 11011111,31111111111, 133.

.......... 1011111101, 43, 47.
......,Ε3111113,111101,114, 137.

........, John, 233, 249, 311.

.......... 3111111131011111101, 114, 137, 213
.......... 3113113, 249.

311, 1031 31, 232.

11111111. 311311111.

11111131. 3113111131.

1111111111. 31131111111111.

11111111, 3111111. 311 01111111.

1111111. 311311111.

3111111, John, 32.

3111112111ἰὸ1111111121111, 0111131111, 311101 31,

311111, 011111, 1111111131, 30.

......... 31130111, 373.

.......... 30311131, 7, 3, 9, 441, 442.

.......... 1111111131, 13.

1111113111, 3111113111, 3111113111, 10.
3011111111, 1330101, 309, 310, 319, 323,
323, 334, 353, 333, 374, 333, 387, 412.

3111111111, 1111111101, 103131, 323,

.......... 1111111111, 133.

.......... 30111 31, 273.

.......... 1301111371.

1111111111,11 11111, Κ 1111, 303111
311931111111,113711111 7

3111131, 11111131, 11111131, 111111 31, 23.

. ......... 1031111, 13, 17, 13, 43, 313, 339.

.......... 3111113123.

111111111,511111111, 10. 3011113111, 111101 ο1,

311111, 11111111, 1111111, 1111111, John, 23,
44, 43, 214, 7.

...311311343441

3111111. 3111111,11111, 103111, 131.
.......... 1110110111, 23, 443.

11111111. 3111111111.

11103111. 3113101111.

1110111, 1031 31, 231.

310111, John, 373.

1111011011, John 31, 321.

11101111, 01101111, 3010 31, 213, 222.
.................... 3111101, 1111101, 213, 222.
.......... (1113111 31, 291, 314, 337.
.......... 1011131330.

11101111, 310311111101111, 01 3111111013, 422.
.......... 111111111373.

11111111. 3113111111.

1111131111, 3111311311, 31111113, 371
.......... 30111223.

11111. 3111111131.

3011011, 111131.

1111111. 3111111111.

3111111, 1103111 31, 10.

111111. 31101111.

3111111101111, 111133.

31111, 30311131, 13, 21, 40, 133.
.......... 1130111113.

 

