550

1111100, 1111111011, 110111, 100, 101,105,119,
125, 131,132.

.......... 11110010000111011 01, 143145.
1110100 Combe [in 1001111 111Ιο000100, Ε1001-
100, 80001101, 316, 333, 370.

8011019011 0011001110]1 1111111111, 1110011,
1 .

111100,Νο111,92, 101, 101, 120, 133.
.......... 000100 01, 147, 143.
11111101Ῐ1ἒῖ1111ωὺ11053011010101, Ηο111101000,

Ε1110000. 800 0111101100.
111111018ξο 30110101, 11111111, 1110011, 04, 05,

1111101101.. 11110110110[ἰ]. 111Ιο101101, 80001101,
275, 304, 347, 392, 433.

.......... 0011100 01, 407.

1111111. 8001111101.

1111 [in 1100110 81. 011011, 801110 11111010
11101011, mogh), somerset, 314, 315,
330, ,372, 389.

......... [ίο 0101 81011011 01111, 0110111 (110),
0110, 80001101, 303, 352, 393, 435.

1111110110. 800 1111101011ςο.

1111010110. 800 1111103000.

1111111100. See Ellington.

110010100, 11001000, 1110100.. 70.

1100010010, 1100100011, 110100001ςο, 11011100-

burgh. 1111100001ςο, somerset, 298, 309,
329, 354, 374.

Εο01000. 8020010100.

11011ος100, 00101100, 0010100, 11010100,
011010, 171, 173170, 192.

1100000110, 1100000110, 110ρο000110. 800
1100010010.

1110100ἷὲ110, 1101101000 1101001111, 11111-
0, 205, 203, 213.

.......... 000100 01, 210.

11011101 [in 0100010], 11011110, 80101, 229.
11010100. 800 1110101100.

11011110. 800 11011101.

11000010. 800 11010010.

00010010. 8000100011.

110ςο110000. 800 31100, English.
Engliuheombe, lngelesoumbo, [nglesoomb.

10101010οο110,80001101, 270, 313, 323,
359, 377, 421.

......... ,450Ιο1000, 1101001110 (nic), 000100 01,

1100010, 11000010, somerset. 292, 301, 300,
331, 345, 349, 305, 303. 370, 435.

.......... 01111100 01, 400.

Ennaton, 1100011100. 8001011000.

1111100021ἓο Μο011010], 11000ηο1000, salop.

11001000, Enna-ton. 1111001100, 1100100
0110101110, 105, 172 134.

Epww’lssmfff’ 81011000, 110111, 95,

.......... 01011, 111, 10.

1110011, 001101, 11100010 (1110010110), Pam,

INDEX OF PLACES.

1110011, 11110, 11100110 Magna, 11100110, 81101,
222, 227, 233, 249, 271.

Ε10001010000. 800 1110011, 001101.

1110ἰο100. 8001010100.

1110101100. 8011010101100.

11101000. 80011011οο0.

Ereshnghe, Ereahawe. See Εο11111011.

11110000, 800 81111000.

Erleton. 800 011011οο.

11100100110,Ε100011. See 1101010111.

11100000. 8001010001οο.

1110010, 11100110. 800 0110011.

111001 5030 510181301 110001. 1101001, 1110011,

11110000. 800 1111000100.
1111ορ. See 111111.
Ε111015[ὲ118111111010], 111ρο101, 1111110. 111000,

[in Hodnet]‚ 1101010, 80101. 221.
Esne. 8000100110010100.
Ε1101111101. 800 0100111110.
110101110ιί1. 800 01011100.

1110001. 800 010111 0111110, 0111010010, 111111
01001 11101111.

1111000100, 11100000. 11110000, 11110000. 1101-
land, 205, 203, 213.

111101. 8001101101.

1111000000. 800 1110101100.

1111001. 800 111001.

1101οο000. 800 0110101100.

1111110. 800 010101.

11111000. 800 010100

11010000. 800 1111000100.

0111110301οο. 800 Bridgford. 111111.

110180001100. 800 80001100.

1111010001010 (1101. See 1101010, 11011.

1111000. 800111111100.

1010110, Esterlegh. 800 01101101.

1111011010, 1111011011. 80011001011101.

11110011. 800 011001.

11010010. 80οΕ1110110.

11110010. 80011011οο10.

Esthropp. 8000111011.

111ὶί0100. 800 0001111100.

0011010. 800 01001 under Wyohwood.

11110000, 1101001110. 80011011100110.

1101000111οι 800 1101100 11011011 and 1101100
01 on.

1111011. See 01100, Baeton. 1101100 10 Gor·
ffi’ditfmn 1101100, and 1111100

80100 Minor. 800 81000 1100100.
81111111, 01111110. 80010110011111.

’ 1111101111110101. See 11011111.

1101110110, Est 11101110. 80017011111111.
11111011. 8001101110οά.
101110100011010, 162.

11111011. 8001101111, 11011.

11111011. 800 1101111000.

11110000. See 1101101100.

 

