578

200110315,6210331οἑ05,,800101101, 278, 810, 828,

.......... 00010001, 897.
2001101113),Ἐο431313, 20001100, 2011010114,

2131001111 See 2130111.

203301. 801 20030111.

20311011[111 DunbamJ, 2130001111, 110111, 109.
2000111000 800 21011000

21031100, 110111, 97, 107, 115, 188.

.......... 3110110110 01, 152.

2111101333ὅ [10 8111311003 2100101010, 011010,

200113 [10213111],2000113, 110111, 108.
2131311 [10 2101011131 Apso, somerset, 880.
2001103100 8011, 210001330113101 8011110111,

.......... 0011101101, 140, 148.

211110311ομ. 201οἰ0111013), 81103), 288.
2111011011 See 20111010.
21000162043131001, 1101101011, 18 14, 29, 45,

2110011001310,211100111101·31, 21110011οο130,
gamm (εἰσ), 1101101011, 7, 20, 84,

21111113, 2100010, 0110100 0114411011

20010103 [10 10311101 2010103, 11100111., 71.

20001300, 200013110, 800 20011000.

21001303100. 800 2101103100

21030111 [10 11101010]Ι l, 8311001ιο010
(εἰσ), 8010110301(οῃ 11011113110010),
801011101804, 24, 848, .

20011000, 200111, 20013001, 20011300, 2000·
3313034230 111324 8011101101 294, 801,

2001303100. 8002101103100.

2003111000, 2001301100, 110111, 108, 128, 180.
.......... 0111110001, 148, 148.

2110311011. 800 1110131100

2000113100, ,2003113100 1111111111, 88, 72, 75,

2010011. 8002100011.

2011010110111, 1101011311 01 108.

........., Fax, 00111011 01, 152, 158.

.......... 201101010, 17111, 110111, 108.
.................... 1711011011,111111 01, 149,
2010011010 (1113. 800 2010011010 81031.
2011110το. 800 2011010

2010113. 800 20010103.

2101111101 011111011111 2101101,811031[000“
1101010101229.

210010. 8σο 230010
210103Ν[11Μ2318311 81. 00010111, 230303,

210103200. 800200, 210103
2101103313ὰὶ 2131330133171313313 2001303100, 2111-

.......... 000100 01 , 210.
21011. 81023111.
2133. 800 2111111030.
210111. 8012310.

INDEX OF PLAOES.

2110311οἐ 22310231113117152311131100,,8011101111 298,

.......... 2010311011, 0111111001, 899.
2103011131, 2311311000, 21031110, 1101101011,

2131111131οο46 [10 WhaltonJ,
233113031011,111111110.,01
2111000011. 8οσ 21110010
2111011. 800 21110100
21101111100131. 100111111111101

2000, 2001, In 2000, 8011101111, 270, 809,
819, 855, 880, 420.

.......... 0001011 01, 895.

20001, 2000, 1101101011, 22.

20110130. See 2010011011.

Book [in EmbletonJ. Rok, 1110010, 08, 77, 78.
2001103010, 2011030101, 1101101011, 17, 20.
200110ιὲ8161αο00, 8011101111, 277, 809, 819, 854,

JnJdeyngton,

2001. 8012010 ami 20101.
20001010. 800 2101010.
2001113313112138111 31331113 200001, 811031, 219,

2000000111 Hal] [10 21311 210111],2000110·
00111, 811031, 219.

20011100. 8002101100.
2001133333,1η 20010100, 81103), 220, 287, 248,

20011011 [lin 2103111013121003110110, 2001 11,
20001111, 80001101, 307, 851871, .

2003113100. 800 2000103100.

20017000[109110111010]1,200110,20301311
1111190111117.

2011010 [111 0011310113 2111010, 20311010,
011010,171,176,198.

2031111311. 8020017000.

2011110. See 20111111.

20111110. 8102000000.

201. 8102001.

2001030101. 800200110311101.

201001100. 810 201101100.

2021001300, 2011100101, 2021001111, See

2011011Ξ1ΞΠ131ΞΞο01133011011185,90105, 112,

.......... 20111011, 3110000001, 152.

201111301,2001001300,20110110101, 2011110-
113111, 2011000011, 20110001300, 201-
13030113111, 011010, 01111 and 211110,
100, 161, 105,172,174, 184, 188.

2011100. 800 2011111110

20111001 [in BarnwellJ 2111101100, 2011111100.
8011101101, 807, 351, 808.

2010111101.81120010101.

20101103 [10 Hales Owen] 20010110, 801031, 217.

20001001, 2011303100, nomon: See 200-
0103100.

20311010. See 2011010

 

