INDEX 01¹ PLAGES. 649

1111111,1111111,111,1ο1,111,111. 4 1111114111, 1111114111, 11141411, Noeta.
.................... 11111111, 111. 64166·
......... [11 6611114616, 1166116, 69, 61. ¹ ·········‚ 636663 0¹. 144·
,,,,,,,,, [1, maium] 0110rd 464 0161111161. 6110161161.
01111011 [11114111] 111111, 111, 111, 111. 0161161· 61· 06161·
1111111 111111,1111111111111,111,111, 616161· 6101666616·
116,118,125,161,162. 0161111111611011611111
4116116 of 144. 01611611. See 0166161111.
0114161111. 1111411611, 0144411611, 1111611166, 0161111166. See 0116111166.
999· 902939· ¹ 0161111166110116111161
·········· 0900903239·101611611161101661114111.
0900900· 03120009· 9000000· 39929201411611, (lugebo, 01141161, 1111661161, 6, 6,
01141611 [11 Ρ111116111], 0144116111, 111661, 96, 26, 42.
10912991 130· 4008866, 00866. 017010, 400,103,178, lffl·
0114161111, 0114161161161, 106. Ookelington. 6110111614611
0114611. 6116114611. 01611114. 6110116114.
01111,1(1111,61114,260. ¹ 0161111116 aud 19116611111111, 267, 299,
01111(6111111116). 6110111111, 016. ¹ 626, 646, 336 423
01111611 61101111611. .......... 111611, 1611161111, 699.
0111116, 066116, 01116116, 6111111116, 277, 0111116111111). 611 01416111.
619. 401161, 6110116.
01016114 Seeclunbury 401161 11111164. 3111111114, Oold.
0111411116011161111116.61011111ςωί16 4 0116161011 6111111611, 0116,
0114111, 1111661161. 6110114111. 40099931· 909 90907· 0⁰¹⁰·

0114611(6111111116 6110114611 041000330430444344344444401441444340414014349 0⁸¹·

0¹⁰¹¹¹¹¹¹² Gom P⁰¹¹¹¹¹¹¹7· ¹¹⁶⁶ ¹¹¹⁸¹¹¹⁰¹¹ ¹¹¹ ¹ 01161141961466111114611]01161111,1166116.,

0111114414, 208141441319141166,01111111111611, 611111- ¹ 0010 [14944Ρί46161] 111111, 01111, somerset,

·········· 09090903· 999· 01111116 [111 61111664] 011111116, 6111111116,
0116111166401161111661. 6110116111664. 606, 646, · .
0116611. 6110116611. 0111111111 [11 6111111116 0111111, 0111111111,
01111116. See 0111116. 611141, 174, 260.
01111111166,01ο1111111166. 611011111166 · 0119149001· 900 0039969010·
011111161101111110111161161101111146111
0111161114, 01116114, 61114, 266, 238, 266, 01111111661101111116
290· 0111116111. 6110111111111.
6111116616 ⁰¹⁰¹110¹1¹⁰rd 6161111116.1111114111111114111 North aaa 11111,
6611 666 666 654 665 11111, 11, 111, 111, 111, 111, 111.
0111101358 1144411 (⁸¹0). 11111111, 111, 111 ¹„.. ...,1111111111, 111 111.

.......... 01116111, 1611116 11414, 0029304666.ήο12141644, 0111111 (1661116116,

01416111611611411161. 6110111161. Margaret.

0141611. See 01111611. ¹

0144111611, See 0114116111. 40111111. 6110161111.

0144411611. 611011416111. Ι01111111( (nic). 61101111146111.

01441611. See 01141111. ’0111111166 See 0111111166.

11411, 1111111111 111111, 11114.. ’11111111 see 1111111111.

01411611. See 01111611. ¹ 01116111 6111116, 0111611, Nutu, 102, 104121,

0141111. 61101111114. ¹ 166.

0141111161101111111. ......... (1.1111111611116 16111611, 147.

(46444444, 300 xmpp ¹ 01111111[11106111116ο1], 1166116, 61

011111. See Κ11111,1(111111,1116 11111111 ¹ 0097303 00012909039· ¹⁰52 119199·
66. 01111. .......... 1611116 11, 141.

0116 [1161116111], 0161, 6111111116, 282, 627. 01111166. 6101111166

011111 ι444111 North 111111611101111111661, 01111411. 6110111111

0166111611.611014111116(0944412126999141066166462129284011

0111 [11 6614111141 01661, 6111111116, 435· 106116 16111141. 6116111161Η14.

0166111166. See 0161111611. Combe (somerset). 6110111161 1169716111161.

01114 134414644401141111611,10116111,Ῑ111661111,

 

