000 HUNDREDS‚ WAPENTAKES, 1111111100111011111111.

1100111000, 1110101118οο, 273, 310, 328, 7101100011, 0101111011, Ἀθ, 327, 420.
354, 300, 387, 425. 771111. See 171111 Forum
343οἭ 37333433013371 3331 351, 371· 17111οέ 7’17141ἐ11111 ,1711111 273, 313, 323, 353,

Libera Manem Set 7711111011 *nd Free- 771111 Forum 771111, 171111 1701101101, 307,
mauors. 320 351, 382 420

1111111011, 1101101, 282, 315, 327, 335, 331, 17110111771111181117111111.
333 433· 171111101οο1, 1711 1111111, 7711100, 204, 300,
1111113011, 350, 385 350, 385, 420.

31111011011 1301741400, 35333133313731433· 171111111, 1711111111, 283, 317, 343, 805, 335,

1101100711111,1101101111111 1711011011, 287, Ι 420.
33713331 333 434· ’1711111οο und 17111101οο11, 17111100, Libera

3111111100, 71011100, Ρ1111001, North, 277, A Manm'a, 274, 303, 322, 333, 340, 300,
300, 332, 344, 301, 303, 334, 433, 435.. 302. 391, 334, 438.

711111110031011100,1’11100,800111,283315, 0101101011, 307, 312, 325, 351, 358, 307,
330, 337, 383, 432. . 419.

Ρο1111011, 304, 324, 347, 330 427 7711111111311171111111

1011111,311,311.390,130. 700011311171111110111.

3001111οο, 8001111001, 285, 233, 321, 348, 5150111007.-
083 428 11111, 011

1111111110111111111111,111. Ι 01111114, 115.

 

