528

Almwnfflfflmton'fin 11111 110111 wop,

1111110101, 1101111101. 8111011101.
1111011011. 8110111111.

11011111. 8111118101.

1101110111 [11 110111111181101, 218.
,1101110111011111111 22.

Alderwixlbfin 01011 ij, 0110101, 81101,

1101110111. 811 1111101111.

1181110111. 811 1101101111.

Aldewyndo. 810 1101110111.

1101111010. 811111110101.

111101 [in 8101111111 81111110, 8111001811·
don. 81101223, 111110.

11101101 [11811000010101 BlugdouJ. wat
Ηο11101111,8011111111,305, 348, 381.

1110111110, 1101111111, 11101111011,11’01111·
1111, 13, 28, 49, 51, 419.

,11811οῈ1 [10 11111010111011101111. 11111101).,

111111101111111110111, 11111110, 208, 213.
1111111101. 8111111101.
1111111111. 811 111111101, 0111111.

1111010, 11Ηο0011010, 1111011010, 801111111,
300, 320, 319, 384.

.......... 0111101101, 308.

111111111101 [11 0110110111 1110111101, 111111111-
toi), 8011111111, 295, 300, 318, 350, 385,
4 .

Alkoloye. 811 Auekley.

111111101ἒ6111107 ῗεέιὲ, 1110111101, 0110111, 159,
1 , , .

........ , 1101111101, 0111101101, 201.

11111101. 8111011111101.

11111011110111. 8111111010.

111111, 11110, 11111, 111111, 8011111101, 285, 300.
021313, 388, 428.

.......... 0111101101402.

1111111101. 8110001100.

1111111011, 0111111, 1111111111, 1111111111, 1111101·
100, 8011111111, 210. 312, 309, 309.

1111111111 [11 wardon} 11111111111110, Aller-
11111110, 11111011), 55, 84.

1111111100. 8111111100.

1110111114ξέ 1111111001 1111111011, 801011-
111, .

Auro. See 111101.

1111011010. 811 11110111.
Almondmorthy. SeeAlmmorthy.
1111οο111010. 811 1111111010.
111111101. 8110011101.
11101011101111. 811 11111111011111.
1111011111. 811 1111101111.

111111011111111001110111, 1101111010, somer.

111, 300, 310. 349, 385.

.......... 1111101101, 398388.

11111111011111 [in 81101111 811111011101111,
11110001111111111, Almundmorthi. Al-
mendoeworthy, 8011111111, 290, 303, 304,
331342341. 391, 391431, 439.

INDEX OF PLACES.

11101101110111. 811 1111111010.
1111110111,111001111 111111111, 09.
111101111101. 811 1111111101. ’
1101101101. 811 1111111011.
Alte. 8111111110πά 0111.
j 1111111011. 8111111110111.
1111101 [11 1111111101 somerset, 302.
1111101 [11 11111111111011101, 11101101, 1111-
0111011111), 1111101 1111111, 8011111111
210, 312, 323. 859, 889, 419.
’ 1111111111100. 811 1111110111111.

1111110111 [11 811111011 01111011. northam, 81

1 1111111101. 811 01111101.
111ῖο111111. 8111111011111111.
11111111, 1111οά11111, 11111111111111, 1111101111,
81101, 219, 231, 242, 200.
1111111101 1801111111). 811111111101, 0111111.
Ι 1111111011 [11 111111011001 Nom, 105.
11111001, 1111110011, 0110111, 102, 172.
1 11111111οἘ [ἓξ 9831717111011 11111101, 8011111111,

1 11111101101110110111, 183, 195.
4 1111111101, 811 111111101, 0111101.

. 1 1111110101 11100111101,111111111.,11.

Ι 11101111 {in 61(Ξῖ171171’ξ11011.11], 11110111, 0111111111
‹ 1111110181σο’,111101110011110111000, 011010,
1, 1111111118οζ 1111110100, See Emington.

1 11011111, 811 1111111111.

J 1111111101111111111111111.,11.

Ι 1111111111, 1111111111. 811 10111111.

Ι 11111111112,911011111, 1101111, 93, 99, 110, 117,

.......... 1111111. 01111011 01. 140.
. 1111110111, 1101111111, 23.
, 11111121ὲό 810111011 11111111, 81101, 220,

1 Α1111111111,0110111,193.
1111111111. 811111111111.
111111111111, 1111111111, 11111110, 54, 85.
1111111111 [in 111101 11 walls]⁸ 1111111111,

1101111111, 20.

Apso. 8111111111.
1111011111οφ. 811 11111111111101111.
Ar. 8110011.
11111111, 11011111, 8111110111.
Ardingesthorn. 811811011111001.
Ardleyietgrdleolg, Ardhull. 0110111, 108. 109,

.......... 1111111101, 201.

1111110111. 811 11011111101111.

11111101. 1111111101, 8011111111, 11.
111011μο1111. 811 101111111101111.

, 1111111, 1111111. 811 11100111.

11110111,99 11110011, 80011011, 0110111, 108,

 

