INDEX OF PLACES.

808μ11α111,,38ὦ11101111, 8010101111, 80001001,

.......... 0110101101, 401.

8081011100, 8081011οο. 800 8081001100.
8081111100. 8008010100.

8010181110, 80100, 204.
80110100109100180110101111, 8011101001,284
.......... 8018111010110101101409.
8010101111. 800 8081001111.
80110101801301101111, 800 8011010011187001.
8011081100. 800 80118110.

Bngguor. 8001108111.

801110] [10 111111011οο], 80001001, 487.
8011101111. 800 8081001111.
Β·1010117[104413111018], 808103100, 1101100011,

80101011 6[10 8101111101],8ογ0100, 011018,

8011101110. 800 80010011.
8011101111. See 8001001111.
8118111011, 801811100, 110110, 105,118,125,

.......... 0110101101, 144.
8018108011 800011 80010οο11.

81. 80010000.
8018108οο, 8018101800. 800 801800, 1111110.

80181 00 1100011011. See 801801 81.
0101101.

8018111011, 800 8111801100.
Βύᾶωίδῗ111111100, 801810800111110, 011018,

800 8018οο

801800 1101111, Μο1101101101800, 1811111110Ιῶ0·
800, 011018, 188, 198.

801800 81. Immo, 8018111800 800011
laurencii, 80181οςωο 8011011011, 01·
1018,188,199.

801800 1001, 701101ᾶί0801, Tot Bnldyngton‚
011018188199.

8010010 [111 1810110111 801010010, 80110010,
011018, 188179, 187.

88100011118011000101311, 80001001, 295.

801001οο, 80100. 810, 850.

......... ,1981001111οο Willi (1), 011018, 182, 182,

80111101), 810001οη, 011018, 108.

80000011. 800 80011011.

8000101111 (111), 8001011111, 820.

800010οη. 800 Banbury.

80011011, 80000011. somerset, 020.

,.,......, 01101011 01, 402.

811111, 8010111, 8010110111, 1101100010, 80, 88.

8018010111, 8011101010. 800 801810]

801800100. 8008001010οο

801810181108111111108001 ,,801801010 8018010111,
⁰P¹

8011018, 80101018, 8011110011, 24.

Μαι-1610117018, 871101110118, 1111110, 011018,

811401(1Οξ1.ῗ(1 John, 8111101011 9(11101 (0101, 010111),
018,

8011018 81 1111011001, 80101018 80001111101100111,

011018,104, 178, 197.

801111, 8011111. 8008011011.
8011ογ111οΨ0, 8011111010, 8011008, 207.
80111ος [10 8011001101 8011 ng, Birling.
0111101,111111011.,82, 77, · ·
8011111010. 8008011011110100.
Βηο0014ᾌ8804111ἔὶ, 8011110011, 27, 47, 49, 442,

801011)1 [108,11111] 80101111, 110111, 108.

801011]Ι 11 the Willtm, 8010011, 80100110,
110111, 101,]05,119,125, 182.

.......... 0110101101,140.

8010011111),4 8091111110, 801001100110111, 102,
8010001141180101081101010111101111001018.

8010110211 81. 14081111, 80100πο110, 1101100011,

8010011018. See 8011011018.

811011ορωὲΞο 801100, 1101111, aud 8111011

8011001018 [10 8101111100], 8010001018,
8010001018, 1111111111.. 55, 85.

Bau-gh. 8ιο 8011011.
80111οἷ50118387111θέ110 80001111, 288, 815,

8011011, 8011, 811111, 8011008, 204, 208, 218.
8011011, 80100, 80101101101111 0118 800111.
8011111101, 805, 819, 849, 884.

801100 001110, 8010110, 801110, 8010111,
81100, 1001001, 291, 804, 824, 847,

00111, ο10101101,410,414.
80110οω111112111001 Τ1111100], 811111, 8011101·

8011011810, 80100800801110800, 11800,
8010030800, 8011008, 205, 209, 14.

......,.., 01101011 01, 210.

80111100 (011018). 800 801100 81. David.

801100 10801111, 801100, 110111, 102, 108,
109, 118, 124,181,108.

.................... 0110101101, 148, 148.

8011οο (011018). 800 811100, 81011111.

801100 [1118οο81011οο1, 018 801100, 011018,

8111011, 800101101, 000, 050, 885.

801100 [Εο11’1], 1101100011, 17, 27, 50, 447.

8011011, 1111111. See 801100, 17001001.

80110011101110. See 801100, 8101010.

801100, 110111011011110011, 49.

8011οο [81110118]Ι 80001011, 820.

.......... 80111100, 0110101101, 898

801100 [81110101110111100101229.

811100, 81011111, 801100 (801100) Magna 801-
100, 8011οο Ede (11180), 8011011081,
011018, 151188, 184,172, 178198.

80110017111001.800180110011111108011011
Ο11018,184, 178, 198.

8011001081. 800 801100, 81001110.

801000, 801110. 800 8011011, North, 008
801100 8010ογ.

8010101, 81101111, 8011111. 80011101, 278,
815, 820, 888, 878, 428.

80110100. 801 8011101100.

 

