578

1155155 (1151555511) See 11511155, (11511 558
1111115 558 1155555 8151515518.

......... (115511), See 11511155 [5181535151

......... (1115155). See 1151551155, 11511-
555, and 1151115115.

......... (8511151555). See 11511559511 558
11511555 81. 1155.

.......... 31553551. 855 8515551511.

1155155, Alter. 855 11511555, west.

11551511 (151851. 815115115511511.

1155155 85199515 855 1151115599551.

1155555 8515155. 855 11511155 81. Im.

' 1155555153511151511551551551111115. 855
11511155 55555 855.

1155155 Mam· Moram. See 11511155 55 155
551.

1151151ἰέ558, 115511515115115, 91,105.

.......... 115155351515, 105.
.......... 5511155 51, 144,

1155513315 [15 11511551511155513335311511-
533ἔ35315351 1151551, 1115515, 01, 08,

115551331551155855 [15 19558551511155513-
3153, 1115155,53 ,4
115115518ω[15 05555511115555515, 1151555515,

......... [1501155155]11555518,1151555515,11,

......... [15 1115551155 and (1511155 Rauen,
11555518. 115555, 98.

1155551515 ὶὶιιι119153515551 8511551 115555515,
......... [innantt'ngtonmeubottlo. 1151155515,

......... [5101551811551551 1151151551, 8, 80.
1151155111, 115155515, 1115155, 77

1151ὼέ. See 1151155111 558 1151155515
51155.

1151551515. See 1151155515, 1155555111 court·
553, 558 1151155515 1151155.

1151155155. 855 11511555 8151555518 558 11511-
153155, 115115 558 85515

1151155155 9511511. 855 11511155 8515511.
11511511. 855 11511515

11515155. 851 11511155, 11511155 15115, 558
115115519558.

11511551ἷέ8 [1γὲ 8515511135], 11555515, 1115515,

......... [15 1151151115], 11555551, 1151155515,
1115155,, 01, 83.

1151153155,1111155555,011518, 171.
......... ,161ἑ511511131111171ἑ51111ἆ5 ,1151113155 011518,

.......... 85515,1151155555,1151115155,1111155-
555, 011518, 155, 183, 173, 177, 197.

1151115155. 855 11511155 8151515518.
115115515[75551 0515153155], 85511155, 485.
1151155551,115115555111, 1151155551, 80.

1151155515 1151155, 1151155151, 1155555551,
011518, 154, 171, 170, 801.

INDEX OF PLAOES.

1151155515 [15 85158555 1151115511, 11555515,
1115515, 57, 01.

11511155ῧὸ [15 1115511511 1155155111, 115515,

11511155, 11555555, 1155155, 55551515 111115,
1151555555, 18, 85, 44.

......... [5381535115],1155155,115515,104.

......... [1511111518] 11551511, 1115115, 58, 80.
[min 155111111115155 8555511115,
Μ8ο5151551, 874.

1155555 8151555518, 1155155, 11555155, 1151155-
Qu, 41415511151511, 1151155515, 14, 89, 45,

11511555Μ1111115[1511111511], 1155155 851 855,
155

11511155-111ἓ111δ [15 ἆπέη 11511555, 3151135

5,151115., 5.

11511155, 115155 [15 115115 15155551151155
915353, 8511151155, 435.

11511155 55 155 855, 1155151 super 11515,
Ι11855155 juxta 11515, 1115155,, 88, 70,

11511155 55155 11551 [15 8511551115],1155155
snper 11515151115515, 08, 09, 78, 79.

11511555 9515 [15 115115 95155115511155155,
11555555, smenon. 380, 383, 394.

115115595151. 815 115111551151111.

115111551 &mg 1151155155 9515511, 011518,

.......... 1151115 51 901.
1151115585115511511155 85511551155151,
11315155 (1155555) 8515155 851551551,
879, 013, 388, 859, 377, 481.
.......... 55515551, 418
11511155Νι9955 [111 5811ζῖ1511] 11511555 851 99555,
5551

................... [iu 11111155151],1151155
51151,111551.,11.51,81.

................... [151151159555511551113115
11111511Μ 9ἔᾶ5ι1ἔ195411155 8511151555, 878,

11511555, 19558, 1151151511, 1151555515, 83.
Nema [m 55111111 mon, 111151.. 11,

Nemton. 855 1151153155, 855111.

11535 851135. 85511555 811535.
11515155. 851 11555155.

11155 8551535. 81111555 851535.

11155 851515. 81511555 8511111.

11155518. 8551111155ωά.

1111155155. 8518511535511.

11515, Ake, 015, 011518. 157, 170, 180, 191.
.......... 1151151151, 801.

1155111555). 8151155551.

115155555. 855151155115115.

11515151. 815 815511511553.

1151111111, 85151), 834.

115181155155. 855 85155, 115115.
1151815121[ἑ5ἆ18515153 8555151 1151551515. 85153.

 

