074

011111, 0111. 811 011111.

00111101,001111101, 8011111111, 0111111111,
811111111, 088, 817, 807, 840888, 408.

.......... 10111011, 400.

Oddington Otyntown. 0111011, 0111011,
011110108, 170, 181, 101.

0011111111.811001111111

0111111,011111111. 8111111111.

01110111 [11 81111ιο1101 83311111, 0111111111,
811111111, 008, 880.

111101 malton] 11ιο110.. 01, 88.
011, 81181111100111.
0110111. 811 01111111.
0101010111. 81101111).

ou 81117110.

oldbury. 241110101121ὀὲ).10111111, ,,81111 017, 081,

0101111111 [11811111],οι111111ι1,01111111,

0111111111, 11111101, 1111188.
0101111118110101111100100111.

00011οὣ11 11111111 8ιγ], 01011110, adop.

01111111,141111111. 111111,108.

......... 1[11100111111111 11111111, 111111, 114.

......... ι[111 81101 upon 00111,011111111,

11111111, 81111, W, 081, 070.
011110181101011111.
01111111. 8110110111.
01111111 [11 1111ιιιΙ],111111111, Natta, 107.
0110111, 0110111. 81101111η;
01111 [11 1111111. 0111, 1111111111
011011],0110111,011011],81111,οἉ, 000.
0111. 81101011.
01111111 111111) 811 111111 1111111

opum. 811 upton 01111111.

0110110000, 0110110011011011011111,

0011011011 (1110111111011111,

804 801
.......... 1111111011, 800, 801.
0101111, oraculo, 111111, 108.
.......... ιο1111111,140.

011111, 111111, 01, 108, 100, 184.
.......... 11111111, 1011110 11, 140.
01111, 01111111, North-uu, 04.

......... 8111111111.

01111111, 111111, 11111ιο 11, 100.
01111111, 11101111, 00.

0111111111, 01111111, 111111, 100.
0111111111. 811001111οι.
0111011011. 8110111101111111.
010117, 010111, 8111111111, 000, 817, 800.
010111. 8110110111.

0111011. 811000111111.

0111111111 ⁸⁰gum. 83¹¹oterhtmofwn, 1811111111, 281,⁸

011101101111110. 8110000101.

011011·ογιὲ60.886 811111111, 070, 800 ,310,

INDEX OF PLAGES.

01111111, 01111101, 0111111111. 811 010-
111111.

0111011, 1110111, 1111101111, 08.

0111, 8110111.

0111011111[11 8111011110, 01111111, 1111011·
111, 111011ιο , 01, 70, 87.

0110111. 81101101111

011111111[ι1811111],01111111, 11101111, 08.

011111Ξ131,301111011,,,01]1111 111110111110,

0111101111 [11 1110011111 001111]Ι 01110111
(111),[11111111111], 100.

0111111. 81101111 and 1711111.
0111111 [11 111101101011111], 81111, 001.
......... [118111111011], salop, 080, 010, 000,

.......... [Μ11111],11111110, 004, 008, 018.
................... 1011110 11, 000.

0111713011. 81111111111111111.

0111111, 811011111111.
01113111[11011110111], 0111111111, 11ιο110..

0111111811011111111.
011111[118111111100111], 01111111, 1111111οἾ

01101111, 01111111, 111111, 00101, 104, 100,

.......... 10111011, 147
0111011, 0111011, 01111 aad 111111, North·
1111, 10, 05, 81, 80.
011110, 1111111011, 101.
.......... 10111011110081
1411811111.
811111001111).
81.141ος111.
81. 80111.
81. 01111.
81. 0111111.
81. 11111] 101 virgin.
,, 101ςο111111.
81. 10110111, 1111101111.
,, 8111111111.
81 Peterin 11118111.
1111111111 (101111).
1710111111 (1111111).
st. 1111111 Bnyloy.
81. Thomu (with 81111111).
0111011. 8110111011.
01111, 1111111, 111111, 00, 100, 118, 107 .
.......... 1111111011, 101.

Ρ
810ιο1111 [1 8110 1111111 11111111, 011110,
Ρ101111171·[11001111110], 8101111111, 811111111

1111111108118111111111.
111ρὶ1110. See Pnpplowiek

 

