INDEX OF PLAOES.

Momon [in nombutgh] 11313333, 1113333, 79.
1133331331, somer-et, 327.

.......... 333133 31, 402.

1133113131 [13 33333311 1331333133, 33131,

Hmkleszifkpssffl 1113311331 3111313313,
ο, .

1133333313. 3331133131.
1133313, 1133313. 3331113313.
Humfflfflffl Momhorum, 33133331,

1133113311 (113331313) Tem, 113331333,
333131331274, 313, 320, 333, 373, 423.
.......... 333333 31, 399.

31331333 3331 [13 3133131311 33113, Book,
Parva, 33331331, 316, 333, 373.

11331131 [13 1133133331 1133333313, 1133333-
ἒοέὲι, nodulo, 33333331, 312, 322, 359,

1331333131331. 333 1111133333 Pon.
1113131313. 333 11111333.

113333. 3331111333.

11313133 3331133333.

1133133. 3331111333.

1131133. 3333331133.

1131331133. 3331133333.
13333313. 3331113313333.
1133333. 333 1113313333.
1133333333. 333311333333.
333313211δὲ1333311133313 1113313331 salop,

Mungmll. 333113313311.

113333133. 333 1113333333.
11331133,1133331313113333133311333331333,
33131, 223, 229, 243, 250 233

113331331313. 33311133133131.
Mamm, 11313331 Pam 33313133131131311.
1133331ξςέἰ1414111ἓῗεᾱ1 31313313, 1131133313,

1131111333, 1113311333. See Moorlinoh.
113113ιᾷ3 [13 1133333131 11333133, 1113133..

11333313 [13 1113313311 3331133331 11333313,
1131133313, 7, 20, 34.

113333131113333333, North and 33313, 113113,
93103, 112, 123.

.......... 11331331333333331, 144.

.......... 1333333 31, 132.

1133131133. 333113131133.

1111333311. 333 11133331.

1113331133. 333 1113313133 313331 and 11111-
13313333333.

111331133. 333 3113313133 and Milton
Podimoro.

1111131. 3331113131.

1111333331». 333111133133.

1111133. 333 Milton 333 1311133 01333333.

Mynhessflmhegynhydo, 111333333. See
mo .

11133133,133133 3113133ς Mynutre 1333.
3311. 333 1113313113311.
11133331. 333 11133331.

N

1111131133[13011313313], 1113313, 37.
Nugingffixlxopfiffhild'u Ervum, 113113133,

11111333, 11311313, 333333331324.
1133331ὲ611ἰ43ἕ131, 1311331, 1133133311, 21,

1113118103, 1131133311, 23.

11333331, 11331131. 3331133311.
11311313. 3331131333.

1133133. 3331133133.

113333133, 11333133. 3331131333133.
11333 33133313. 333113333311333.

11333 333313, 11133 3333313, 1133331313,
163613 331313, salop, 243, 247, 232,

Neon sonim, 331333 . 333 (mon)
Solor=,sa10p‚ 213, 2 , 243, 233, 233.

113331332ιό71133133, 11313133, salop, 213, 252,

1131131313, 1131333111, 011313133.

11333 Solen. 33311333 3311333.

1133333313. 33311333333113.

1133133. 33311333133.

1133311 [13 3333311331 11333313, Nemeto,
1113133, 33, 3, 33.

11313, 113331, 113333, Neue 13 31113313, 33131,
213, 230, 233, 232, 234.

. ......... 131113, 3331313333, 33131, 213.

1131313333. 3331131113331333.
1131311313. 333 11331313.

1131331 Hammo. 333 Ham, Low.
113133333133133. 3331131133133.

1131333313 [13 1331331]Ι 011313, 171, 192.

1131333133 [13 1113313133] 11333133, 1131131133,
1113133, 71, 90.

......... 3⁷[g 13 11333133 1131331, 33331331, 331,

1131333113. 333113113131.

113111333333,11313133133, 1131133333, Somet-
331, 303, 334, 343, 392, 438.

.......... 333333 31, 107.

11333111131. 333 1133311113.

11333313. 333 11313313.

113333113. 3331131331113 and Newbold.

Nouboum. 333 11333313.

11333313. 333 11333313.

11333133. 33311331331113333313.

Nomou. 333 11331333.

1133113331. 3331133133113.

 

