INDEX OF JURORS.

Q

0111101011021101101, 181.

Β

1111101011, 1111111 10, 180.
811101, 11101111 (10, 290.
110101, 110101100101, 288.
1101100001. 1011, 51, 52.
hardulf, william, 011101, 288.
110ςί11011, 11101011 101 01, 240.
110011, 101110,280.
11010111111011111, 170.
1101100101, 1111111111, 124.
1101111, (101191 011280.

nost. 11101011, 189.

1101010, 1101101, 88.

11101011, 1011, 175.

.......... 11101011 101101, 214.
1110101111, 1011, 182.

11101010, 1011, 110 younger, 488.
11011011, 1011, 140.

.......... 110110100101, 240.
.......... 1111111007.

11011111, 1101011, 482.

110010, william 10 10, 274.
11011011, 1011, 422.

Rode, Henry, 50.

1101111101, 1101011, 110 01101, 289.
.................... 01 00101, 289.
8010010181, 1011, 80.
1101110101, 11011110, 24.
.......... 1110101010, 24
.......... 1101101110, 24.

11011, 1011, 179.

110101, 1011, 01 (1111011, 125.
11000010, Stephon 10, 285.
2011011011, 81111011, 88.
.......... william, 80.

80111101, 110ςί111110, 102.
11011011, 101110, 282.
8111130111, william, 291.
111330,111111111,01 Eume, 288.
nun, Nioholn 10, 294.

nauel, 111100, 278.

.......... 1011, 277.
.................... 01 010110, 01001101, 825.

1111110,Ηο1111 10, 203.

Bynglond, 1011, 01 1101110111οω1, 10.
11100010), 11011011 (10, 98.

2010101112, 1111510111, 001101, 0180111010101,
1111010, 2110114211.

8

8110, 1011 10 10, 1101011301, 241.
80100, 10111010, 241.

80110110, 1111111110, 0101111, 124, 1211.
801101, 101110, 289.

salvium. 1110101101, 1101101101, 125.
Sambroka, 21011100, 421.

Sampson, 11101111, 285.

.......... 11111111111701011111, 50, 111.
samuel, 80111011, 80011101, 298.

......... , 1011, 110 younger, 428.

8011010 210111, 1110101οι 10, 27.

8111010 Claro, 1101011 10, 282

william 10, 280, 287.
8111110101, 1010110, 178.

8111111110, 11010110, 295.

801101, william, 140.

8011010511, 80011011, 1011, 01 1100110111, 50,

Say, 1101011110, 288.
8011111, 1011, 419.
800110, 1101011 10, 92.

¹ 80101101, ῐ1101100, 51.

1 80111110, william, 282.

1 8011110110,110101110,207.

Ι 80301, 110110, 288.

y Scintpier, 81111, 252.

, 801111101-,178

Q 8111101188
80110, Philip, 422.

“ 801110101, 1011 111198-

' 8011011101011, 482.

J 00100110111111110.

Ι 0010111, John, 1111111111, 110.
8011111, 1111101110, 84.
81010, 1011 0110, 421.
.,......., 1101111001.
8101101, 1011, 252.

.......... 111010Ιο1259.
81011101, 1111100111 10, 288.
81111000, fleury, 282.
8111101011, Ρο101 (10, 284.
8111010, william, 272.

8111101, 1011, 182.

8111100101, 21101100, 280.
810110, 1101101110 younger, 420.
8110101, 1011,284.

81111101, william, 218.

 

