INDEX 01² TENANTS.

8160101, 81160101, 81110101, 11011060, 238.

.........,7011160, 238, 266.

.......... william 60, 238.

81110162101100, 166.

81111010, 8161111010, 8011111010, 8060110 ι
81110160, loo, 106, 119, 123131, 18 ·

.................... ily, 1111001, 128,187.

.......... 11011184.

.......... 1761101160, 126, 181.

81000 Villo, Wmin 60, 286.

81601010, 8060111010, Thomas, 84, 88.

81601101. 800 8060110111.

Simon, Hugh 001 01, 60 amolo, 2.

.......... Simon 00101, 310, 866.

8111010, 8011010, 1110111610, 166, 178.

.......... 80101110, 179, 187.

.......... 1111110110, 164.

8111016, 8101016, lo

8101101, John, 44.

81100111,871111011. 182.

8110101, 8110001. John, 266, 257.

.................... 01 8110106110, 260, 262.

.................... 01 8106600100, 00. 81100264.

8100101, oo Νο1111011010111), 10010101, 377.

81010, 8101116, 184.

811011, John, 88.

.......... 2101100889.

8111100101, Thomu, 187.

8111011, 1111110111, 829.

81001101 (110). 800 8101101.

8101106010, 1101111011 60, 291.

801000. 800 80111.

801010, 80101110, 8000160, 216. 284.

8010101, 1100 60. 220.

801101001, 0011 01, 47.

......... 4270 11 [8001110111 001101872, 889,

80110100, 8011011, John 60, 108.

.......... 8000160, 442.

80111016, 80111016, 80111016. 800 80161016.
801, 8011, 8001, 8010, 10110110 10, 304. 847.

.......... John 10, 278, 280. 291, 298, 864, 809.
810, 812. 813, 868.

.......... Philip 10, 828.
801101. 800 811100.

801010. 8002011010.
801601. John, 187.
801160, 6011, 198.
8001. 800801.
8011110160, Simon, 46.

8011111011, 81111011, 00. 1011110111, 0100101
01, 108, 127.
.......... 0110110111 01 , 162.

’ 8011111110. 810 2011010601.

801100. Thomas, 183.

8010161130, william do, 169.

800110, John, 304, 848.

800010, 80010, John, 873, 874, 889.

...... · ..., ........, 01110101001111010, 421, 432,

8001001, 21010137.

.......... william, 266.

.................... 01 17111101, oo. 80100, 261.
......... 800 0110 1101001001.

8001001. 800 1100001101.

8010111100, 00000οἔ11, 8010001101, Honry, 22,

.......... John, 29.

. . 0 .
8881186.ῗὲἳὲἳέἓὲ8118181666
.........,80001,144.

.......... 1111110160, 216, m.
80101101, 80101010, 1711111111, 177, 196.
8000111011. 800 8010111101.

80111100, John, 01100011101011, 187.
81000, 801011, 169.

’ 810110166010101, 166.

.......... comtos 01, 128.
......... ,20301 01110 010101 01 81. 1111] in,

......... ὦ1100010, 0111 01, 86, 188, 190, 266,
8106011ὲὲξ111101101, 192, 376, 889, 888, 886,

.................... might, ³92.

.................... 01 11010, 00. Donet, knight,
426, 422, 426, 428, 433. 489.

.......... 600160, 60, 314, 336.

.......... John 60, 60, 814, 836.

......., 106001, 82.

........,111116, 46.

.......... 1101011 60, 184, 188, 241, 266.

stamford, 810110161601160, 198. ’

.......... 1110116 de. 44⁷:

.......... 11101016 60, l.

8101110111, 8111111016 [00. 11100111, 0110101
81. 800101611111011, 148.

110100. 800 8101000.

81110160. John 60, 820.

81111016. 800 8111111016.

8101111110, 80101160, 26.

81111ογ, John, might, 127.

801000οξ8410ῧο, 81010001, 8101101660, 1110111,

.......... 1110101660, 126.
8101111011, 8101101. 800 81010101. ,
81110οὲ0101, 8101001601, ‘Iuliano 60, 236,

8100610169 98110111016, 8100111016, (10011101
0, .

.......... 81010110, 130.
........., 1110101660, 99. 117, 129.
810001101, 8100111011, 8100111011, 8100011011,
Hugh, 261, 266266.
.................... of 8110011111264.
11001116, 01,(11010, 426.
.................... 01 8100111101, 264.
.......... 80101160, 216, 280, 289.
.......... william 60, 224, 361.
8100111016, 8110111016. 800 8100011016.
8101111016. 800 8111101016.

 

