514

80010,1010, 01 8101811101οή, 189.
806011, 1011081.
8060100, 1010, 267.
neget, John, 259.
80101, william, 298.
8011010, 11010110, 265. .
8011011010, 1010011010011011, 124.
.......... 81010060, 99.
8010, 1010, 419.
80110, 1100100, 282.
80110 Campo, John 60, 298.
8001100011), 8000 (tic), 488.
80001, 81010101, 422.
.......... 1111111080.
800010, 11000060, 182.
800011, 8101016, 291.
80011010, 1010, 267.
Bentley, 8101016, 259.
80010, 1010, 286.
nord, 80160, 1010, 01 1000010110, 289.
.......... 1101000, 419.
80101011 800 80110111
8010101111, 8101016, 86.
8011, william do. 207.
8010016, 1010, 182.
8010011Ιο, 80111160, 288.
801100, 1010, 01 1110011016, 268.
.......... 8101016, 01 801100, 264.
801110, 801011, 289.
81000010, 8111010110, 8100001100, 8101011488,
.......... 8011011 60. 295.
......... 1101000, 482, 488.
8110100110, 81101016, 8001160, 297 .
.......... 1010 de. 277.
8110100, 1101001 60, 241.
8111001110. 800111ωο010
8101011110, 81011010. 8101011160, 101.
.......... 91111100 60, 287.
81101000, 1010, 82.
8111100100, 11001160, 248.
81010001ςο, 1010 60, 246.
810101,1010, 428.
810101, 80101, 188.
8111001016, Thomu, 424.
8100010101, fleury, 288.
8101, 801011, 01110101011, 125.
81001, 81006, 101000 10, 188.
.......... 801011 10, 278.

80101 10, 294.
8001, 80101, 278.
8010011101, Walter 60, 289.
8011101, 8101016, 426.
8010110000, 8010101100, John, 288, 817.
801101, 8011011426.
8010010, 1100100 60, 282.
80 10101010, 801011, 86.
801601, 1111110111 10, 294.
Bon. (1111011 60, 281.
80101016. 800 8011016.

INDEX OF JURORS.

1 8010100, 80101160, 290.

8011001, 1101101160, 284.
80000, 81010100 60, 280.
.......... Philip 60, 272.
.......... 801011 60, 279.
.......... 1101000 60, 290.
¹ ........,1101101110, 276.
8010101ἃ2ξο11101, 80111101, 80111101, mma,

.......... Hem-y 10, 287, 299.
· .......... 8101016 10, 01 Fam-leb, 102.
1 .......... 801011094-
.......... 1101000 10, 285.
¹ 8010101, 1010, 242.
ἶ 80111101, 8011101. 800 8010101.
’ 8011111010, 8101010010240.
1 800100, 1010, 419.
80111001. 8008010011.
8016, 0111011, 82
8010100, 111111οι0, 01 8011100, 264.
8011110, 1111001,101.
80000,1010, 101.
...,.....,801011,272.
8111601010, 1010 60, 246.
.......... 1101110060, 242.
8106000, 101060, 272.
8110601101, 801111 non 01 101060, 291.
........,8’101011,424.
81061060, Walter 60, 288.
8101ἰο1, 8101016, 208.
8101100, 1100100, 882.
8101101100, John 60, 207.
810010, 1010, 178.
810101010, william, 419.
8101, 8111, 14ᾶο1010, 274.
........ ,Δ10100601,480.
.......... 1010, 488.
.......... 0100110174.
810100, william, 140.
8101101,1ο10, 426.
81101011, 80101160, 295.
Brit. 8008101.
8111101000, 1000110 60, 296.
810610, william, 240.
81010, 8001160 10, 286.
8101011010. 800 81011010.
8101010110, 1010, 257.
8100111οο, william, 0111111001, 124.
J 81000, Adam, 425.
1010, 0101οο, 189.
.......... 81010100, 1101000101, 160.
81011011081010101010, 1010, 98, 140.
Bruges, 1111100183, 818.
81010, 1010, 258, 259, 260.
811001010202.
81100, 801011, 428.
311000, 31111 140.
8110111100, 1010, 428.
1101101000107.

 

