INDEX OF PLAGES.

11011101. 800 1111111001.
1111001131ἒ1511, 11 North Pethorton]‚ Somet-

1101001 [11 11111010], 1111111111.. 08, 04, 81.

11010111131000110101311. 800 1101111111. 1

uella. 800110111.

100110111111. 800110111111.

1101111101. mollium

110111 1111101, 1111101, 801101001, 807, 818,
818, 800. 880.

.......... 01111011 01, 880.

1101111111] [11 wells]² Nolloeburgh, 1100010131,
1100111111, 80101101, 807, 801, 817,

110010 81111, nrm 110010, 81101, 840, 800.

.......... 0111101101,808.

.......... 11010101, 808.

11010110181111. 8001111110181111.

1101000010. 800110101.

11010. 800 110110.

1101101. 800 1111111011.

Mariae. SecMorridge.

1101111101 811101], 1101713, nomes, 104,

110110. 80011111.

1100011117. 80011111011111.

110111ομ [1181011011 mrim. layum,
Morum, Homul, 8011101101, 888, 801,

11011101111011011101101, 8011οπ01, 810, 881,
889, 888, 488.

.......... 0111101101400.

10011011. 8001111111.

11011010101001. 800 8110011, 1111111.

’11010101 8001101011

110111111011001. 800 8110011, 1111011.

1101111101. 80011111101,1111110181101,0110
1011101111μο.

11011110111110011. 800111111011100111.

1101111,11011111.110111110. 8001111111.

1101010101. 800 11111101 111101.

11011101. Sec 11110101 111101, 111111011111111
011οΡ0111, 11111101 81. numm, 0110
11111101 11101101.

1101101. 800 11011001.

1101101011010, 108

Momm. 800 11οπ1011.

1101101. 800 110111011.

Herm. 800 Not-ing.

Moyrrygg‚Meyry=l. 800 1101111010.

Miokloy [11 0111311111 1111101101, 1111101,
11111111, 08, 84.

11ὶο0010010. 800 111001001.

10100011010101111110). 80011111011111101.

......... (11111111.) 8001110010101.

......... (011010). 8001111101.

......... (80101).8001110010101

......... (801101111) 8001110010011110 1111101
1011111011.

009

11100111010111111011. 80011100101011 0110100.
111000111101, 8001110010101810101.

“ 1110011110101. 800 001011110010.
’ 1110011101 8001110010101 and 1110010101

111001οΞ00000 1110011, 81101. 880, 880, 801,

111100101ἑ11ωο011111110],1111111101 1101111-
11

[116580801017111001110111111110

[1111001101] 111001101,11111111., 88.

.......... 1110001101, 1100011111, 1110111011,
ἒῗο01101, ,811011 888, 880, 844, 840,

[11 01111111],1110001101,11]001101,
8110081, 841808

1110010101 01011],1111011101,1110001101
01011011,110111111111,8,18,40.

1110010101110101. 8001110010101,1101·11.
Midffl‘ffin’gffmh' 1110010101 110101, 11111111, ’

111011001[0’0001],0111,,110, 101.
1110010101, 1110011101, 80111, 11111111.. 04, 00.

1110010101 81010],11]0001101,10100111101,
11916100111101,011010,108,174,100,

111001οἔοζ,,1110011οη,8οη, 801101101, 880,

.......... 0111111101, 404.

111001001 01111 1110001101 [111 8111110101(
ί1ἰ1ὲ1710010011,1011101101,2113113110,

11100100101.800111110011011
11ὶο0111101. 800 1110010101 8101ογ.
1110011οη. 8001010010100.
1110011011. 800 Milton 0110 1010010101.

11101010 [11 1111101 010110110100], 11111010,
801101101, 888..

1110111 [11 chem,
8011111101

1110111011. 80011100101011.364

1110111101. 80011101, 1110010.

1110101011 8001111101.

111ςο1, 1111101, 11111011. 8001010011.
1110101101. 80081010 1010.

1111101101. 800 11101101.

1011101110. 80011101101101.

111110110 8011, 1111011011 8011, 801101101, 888,

......... ’,10001 01 100.
1111000110,111110011,111111111,110111 and
Qum. [11 1011011101 11111111, 07, 08,

111,100111111]1000011110, 011010, 100.

11111010 [in 1111110 11001], 1011101010 ,811011 810.
11111001101[ι1811311010]11100100101,1101111-
1111101. ωο0045 110110,

111111012Ξ [11 maalon, 018110100001100,

11111011, 11111101, 11111011, 81100, 810, 884,
888, 808, 808.

 

