' INDEX OF PLACES.

2155155-5551.
......... [1115511556 15 2151551 85155, 285.
......... 822811515511(21515551), 85551551, 218.

......... 5551512515. 855 215515525515.
......... 1111151. 855 2155155 255551.
Praeti& 34⁰, ξὸ51515561 21551551, 1111551),

2555115131 [15 115511155121551515511, 21551515,
2555115311, 21551155, 855151551294, 806,
807, 818, 850, 851, 867, 882, 885.

2515155, 2155155, 85551551, 828.

.......... 51151511 51, 412.

21561155 [15 0515515151 251655, 21561555,
11115515, 55, 85.

2551511, 25551555, 256555511515125615115,
85551551, 311, 828. 857, 880, 420.

25511 75855115155,8511151551,291,814,880.

.......... 51151511 51, 410.

256515551. 855 25611551.

2561555155. 855 2555115555.

25611551 [15 0155165151, 256511551, 256515551,
011516, 161, 165, 184, 188.

2515155ιῇ55 05515556], 2555155655, 85155,

Pullo. 855 25115. .

2505155555. 855 251151551511, 01151511.
2511555515. 855 2515155151, 0115151.
251155, 855 2551155 556 211155.
251156ἒῖ151, (355115, (155151125115115511, 85155,

.......... 51551, mmmm, 155555,
2515155551, 2511555515, 85155, 215,

220. 229, 240, 257, 265.

2551155155. 85525551155155.

251655. 855 21561155.

Pario. 855 1151515555.

2551155(051516). 8552111511.

2511155, P 155, somerset, 811, 822, 856,
89038381488.

......... 5115151151, 405.
251151. 8552511551.

2515155 [15 1115555151 2555515115, 2555515115,
85155, 288, 255, 265.

2515155 [15 1155651115 or King'u 851155],
11511155158. .

1151525155. 85525115.

2515111551. 855 25515155515,

2515155. 855 2511155.

25555112555511. 855 2555515161.

2555515155. 855 2515155.

2511555, 251155515115. 855 211555.

25115555 215155515. 855 1155155.

251155, 25155, 011516, 162, 188,

2551554Εὲ5 2555551551 25155155, 1155115515,

2551151551 855 2115111516.
2551555151), 25655555, 855 2115515115.
2561551555. 855 2166155155.
2551115515, 25511515. 855 21151155.
251655, 251655. 855 215655.

22102

25151551555. 8551115155,
2515155511, 855 25511551.

,2515551115 855 2151551111.

25115155. 855 211155.

25115, 25115, 85551551, 295, 807, 850, 885.
2551555115. 855 2115555151.

255515. 855 21511111.

25155. 855 2551555515.

2515155 (051516). 855 211155.
2515555555, 855 21155555.

25155. 855 251155.

2515155655. 855 25155155.

0

0555155151556, 2551, 0551515515156105515-
155156), Major, 85551551, 275, 804,
......... ,33..3.’..3.3.3, 555 ¹01, 55.

..., 11551, 055151515156 (Minor, 15151),
1551οὲ56556, 85551551, 804, 846,

............. 3......, 5115151151, 408.

Quat-me, North and 855111 [15 1215515511
0551155 253551, 0551155 1155551555
1115555551, 1155555511, 85551551, 296,
808, 884, 842, 891, 481.

Quone 05155511. 85505551, 05555.

0515155, 0555155, 1151115515, 7, 27, 42.

0556556511. 855 0561155655.

R

1156511115 upon Trent, 1156551515, 11565111,
Βέ451511, 115115, 92, 102,104,120,121,

......... ζ 415565151 super Trmtam, ohuroh 51,

2565511 [15 15551561 11515515, 251551,
011516, 162188, 195.

2560155155, 1156155655, 85551551, 275.
2511551555. 855 1156511115 upon 21551.

Ι 2511551555 super 8515. 855 2515Ιί115 55 8551.
Ι 25651551. 855 11561516.

256555. 8552566511.

2565515151 (tic), somerset, 618, 360, 678.
256551515. 855 25651551.

25655511, 2565115115. 855 2565511.
25655555. 855 256555.

25655511. 855 2565511.

2561516 [15 25515151 256515110515111, 165.
......,.., kadeford, 115115, 5115151151, 140.
1156155655. 855 2566155155.

20

 

