560

1101, lango. somerset, 000.
.......... 01010101, 405.
11030100. 001 [singen.
Iaynhnm. 000 1110011110.
1101100101. See 11101001.
1101000111. See 1101000111.
1101110101. 0001110100100.
1110110. &e 110100.

111000. 0001111110.
11101100. 010111110100.
1111110111. 0001111101010011.
11110100. See Littleton.
Lyttloton. 010 11100100, 010001.

M

1110001ογ0. 0111110010),

1110000011. 000 11001101.

11100101, 111000101101101, 220.

1111000011.. See 1111011011.
1111010101111001010, 1101111011, 15, 21, 40.

11110001. 1000111101.
11010010. 0101110011).

Mdfflffioffi 13111101 Mnng, 1111100110,

Manen. 0001110101.

mmm Suuollington.

1110100100. See 1110011010.

11100001111110001111. 0001110001111.

Mustela, 1110001110110110, 100.

.......... 1110001110, 010100 01, 141.

1110000Ιο 0100010000, 1100011001, 110111, 110.

1110100, 11011100, 205, 207, 214.

.......... 01101011 01, 210.

1110110111] [10 1101111001 1110011111, 11100·
worth. 00001001, 1111011110. 070.

1111111011. 0001111101001.

1101101οἑ111ὶὶοἑ 111101οω110. See 100110-
01 .

1111111100, 1110101100, somna. 000. 010,
040, 005, 420.

.......... 010101 01, 000.
11111101ἷὲ, ffinpfgok, 1111111101, 110111, 05.

11111000111100100101, 111Ῡο1001111001100]
(01101101), 011010, 51170200.

.......... 1111010011110, 001001, 011010, 170.

111ρο1101 0001111101001.

1101011110. Set 1111111110.

1111011010] [10 11000011 1111011101ογ0,
ξῶωὶιοωὴγο, salop. 227, 200, 248,

hams 10111111οο
11111011101111101, 111.
nuk„ 100, namt, 111

INDEX 01⁴* PLAGES.

ι 1011111110οᾷ 1111ἒ1011110, 11011, 11110110110110,

1 .......... 1111000 west, 0110101100 01, 140, 151.

1 1111111011, 1101101101, 00001101, 020.

.......... 0001011 01, 412.

1111111001 [10 11000 0011110],11011101,11110·
11101, salop, 010, 240, 2110.

1 111101111011ἰ {grath 010 south. 11011104, 100,

.........,011010101, 144.
1111111 [10 1711110010111 1101100, Lu 1101110,
1 01101), 220, Q), 200, 255, 205.
......... [10 111101ος10111 11010011, Marah.
00001101, 200, 040, 000.
......... 818111 10ίο0101001 11010010, 00001101,

1 ......... 3[2131001111 Ηο01110101001011, 00001101,

1 11110100, 1101011100, 011010, 100.

1 1111010οΒ· 1, 11010100, 1101011101111101110-
an 0101001, 277, 000, 010,054,000,

.......... 0101011 01, 005.
» 11110100 11 10, 11011100. 110101100,001101101,
. 2001000, 022, 042, 075, 422.
, .......... 0110101 01, 400.

01011010011011
1 111111000 01. 1011101001Νο000, 1101111010,

1 1111110001οι10, 11011100. 1101011100 11011011,
¹ 1101111010, ll, 25, 01, 446.
1 Μ11110121ἒὶ15οὼ11111101111011, 11011100, 200,

Ι 111110οἔὲθ 0308130142600011101, 202, 010, 027,

.......... 0110101101, 400.
.......... 1101111001, 400.
ἱ 11111οο23131 0111110111 011ορ, 200, 240, 250,

111000 [in Ροο101000111010010000, 11010100,
1111101011, 58, 00.

111110οὲ4οἒοῗ [10 00010101101 11110011.,

1111101101, 1111101101, 110110, 100.

.......... 0110101101, 140.

1111111ιὲζαι1οἱ1ἕ1 [10 1111110011 Thon),
1010001010. 001111010010.

1110101100. 000111111100

Muwleyffissn 2041301221513523170rtimerffl Malloyo,
1101οῶ [01111111 11111, mortham, 1,

111101, 11110101, 1101110011, 27, 47, 440, 440.
1111001010. 000111101010.
1111001011. See 1111011011.
110000111οὲ [10 1101111101 1100000010, 01101,

110010, 11010, 00001001, 0110101101, 404.
1100001100, 110011100. 000 1110010100.
11000οο1010. 001 1100000101.
11οο11ωο[10101010011110011001001101200.

 

