INDEX OF TENANTS.

0011010, John. 192.
0011101111. See 0011111110.
000011111ἑὼ11101111111οἑ50011110, 00111110, 111100-

.......... 0001110100, 801, 802, 808.
0000, causo. 21101100 00, 118, 182.
.......... william, 100, 118.
00000011, John, 868.

0010, 00111100. 28.

......,.., Philip, 864.
.................... 01 8001011101, 484.
0011100. See 11011100.

00100001. See 80100001.

0011, cerff, John, 83, 84.

0110010, Stephon, knight, 217.

0101001010, 0100001110, 0111001110, 00. North·

ampton, prior 01, 168, 180, 189.

01011010, 7011, 119.

01001011011, ·-, 52,

.......... 111011οι0, 45, 49, 445.

.......... 811101, 41.

0100101101, 01000101101, 01000110101,
0100101111, 01001011001, 1001, 12,
157, 158, 181, 298.

.......... 1110110111835.

0101110111, Aliae, 45.

0100100100, (1001110100, 182.

.......... 1101101100, 01 01101101, 66.

.......... 1110010031, 50.

0101110110. 000 campania.

0111110100, 01011 11010. 0101111 1010,
0110111100, 0111,857,878,· .

......,.., John, 811, 828, 357.

.......... 11101010, 880.

.......... 11100000.

.................... 11100, 11110 01, 378.

0101001090110000010, 0100110001, 11111100,

.......... 1110110100, 20.

.....,Τ1101100,448

0101000, 0111011000, 1101111281, 808, 852.

.......... 101111010852, 898.

Chuni. 8000110110.

(11101011, Hugh 00 la, 92.

010110101, 0101111101, 01011101. 0110110101,
11101 00, 281, 287, 242, 279, 254.

.......... John 00, 222, 284. 241, 210, 252.

.......... 0101100249, 252, 254.

......... gurim.. 01 0111110101, 00. 801011, 280,Ι
0

010101οζ100 do, 100100, 101.
01010154011110110010, 0111011010 or 17101010 00,

0111101010 0100101011, 0100100111, chasalon,
0 1110004101ᾱο, 299, 822, 842.

.......... aubert, 178 184, 188.

.......... 1110110100, 189.

.......... 1101111 10, 180, 184.

.......... 11101010, 102, 188, 194.

......... Thomu, 842, 875.

.................... Τ1101000110,11110 01, 842, 875.

488

01101111, John, 48.
01011001, 01113110ὥὶοῇ01110, 187, 188, 198,

......... ἃθόωω, 01 11101110, 00. 011010, 485,

0100000110. 800 0101001110.

01011011, william, 880.
01000101001010111110111.8000100101101.
0100010001001011111100. See 0101110000.
0110010010, 0101100110 See 01010001.

ι 01001000. See 0101000.

’ 0110112001, 8000011110 Florido.

Ἰ 0111000110. ς8000111111001111.

18113811 ’,8 01131

0101101111, cadurcis, 0101111010, 01101011,
01011010, 01011011100110001101111, 001-
1137011, 010110110101-0), 1101110100 00,

1 .......... 2011101100, 4, 102, 278.
Ι .......... 2011 00, 277, 800.
1 ,,,,,,,,,, Thomas 00, 47, 98, 94, 87, 100, 102,
100111, 110, 118, 121, 124, 120, 182,
138, 184, 186, 448.

01011101, 01101001, 1011100, 154, 170.

.......... 1110110100, 200.

01101110. 800 0110110.

01111011, John, 84.

01100001. 18101010, 871, 874, 881.
.................... 01 2110111 8011101, 421.
0100000111. See 0101110111.

010111, 011011110110111. See cheyne.
0101010111. See 0101110111.

0101101. See 01111101.

0101110111, 0101010111, 11011011 00, 857 .
.......... 11010100, 857, 880.

.......... 11011000, 811, 857.

.......... william 00, 811,857.

011011. 0000110110.

0101111113 0110111101, 010111110110010100,

.......... Thomas 00, 287, 248.
.................... 01 0101101100, 00. salop, 270.
010110100. 800 0110110101.

0110111,Ψί11111111, 810, 856.

0101111101, 0101111101. See cherinton.
0100101, 0111101 01, 442.

......... ,ὶὲὀώὲὧ 01, 19, 28, 158, 185, 222, 220,

........, 0011 01, 4, 8, 155.

0100111111, 81011010 00, 249.

01010 0, 01010 1, 0101001100, John 00,
81100111.

................... 0181011011, 00. 81111010, 208.
.......... 1101001000, 220, 221.

0110101, John 00, 284.

0110111000, 0011100, 19, 448.

.......... 11 1010100 00, 42, 448.

.......... 801011 00, 8.

01010101, 11010100, 288.

0101010101, 0110010101, John, 854, 874.

 

