INDEX OF

1100108001, do 00108101, 80 80100001, 010108-
011100, 011108101, ,001108
1110, 8180801, 8188001, Adam, 180.

........ ,081111818118140 1

Anno, 111001, 110. 110, 010. j

.......... 11 10,18,158,189, 171, 172179. Ι
180, 85, 189, 205, 208, 20⁸, 218.

.......... John 10, 188, 178.

.......... 1101010110199.

.......... ’11181011010172

0088800110, Alexander, l.

0001111. See 11081110.

0010101. 8101118101.

001010000010100, 0810100, 00101110, 001810 0,
&aab 80 0101800, 10811, 12, 1819,

.......... 1711110111, 224, 245, 280.

0010100, 0011811, 155.

0810841100 [088110811], 80801010 81888, =

......... 4111018οή00011081110111 01888428.

08100, 11111108 80, 82

.................... 110801, 11140 01, 82

21288281101111210
91, , 98, 95, 98, 100, 101, 104121.

......,...131181ὲ498 95, 101, 102, 101, 112, 121,

...,..., 011101, 122, 185.

.......... 1108011188.

.......... nazaram, 128.

.......... william. 121, 188.

0011110, 08111110, 08 111, 80 1111111, John.
94. 98. 108,1 ,111,118; 0118000
11001110 aad 11001110.

. 01080118. 11708188, 0188081, 108888, 64, 78.
008111οὲ311811100, 0111181οο, 1101118800
.......... 8108108811, 888, 872.

0101818, 0101101, Hugh 801 10. 17.

.......... 0188118, 41.

0101101, 0101010, 000811110101100, 11101 01
180 80011111 01, 17.

1110800178 01811001, 011101 88, 288, 289, 880,

010108008010108080181. 880000100001.
011188, 21800100, 40.

0110, 0110. Agna. 88, 415.

.......... 0801088, 84.

........., 110011,22. 81182, 184.
.......... 1880, 182194, 198.

, 001188, 9.

.......... whom-,m
0088080808008818110100. 801081890101.
00810010, 0011180, 177, 195.
0080111001,Ψῶ1010,891.

0084018, 08804018, 1018 01, 15.

nomo. 08 011ορ01...

TENANTS. 469

0881811011, (1088121108, 088101180, 0881100.
......... igme... 01 0011181188, 08. 80101, 288.

..,,...,, 08111180, 888, 884.
..., 1101101180, 217, 242.

¹ .......... 18081000, 242, 254.

00810100180, ’ 00111ομ8100, 0881810080,
0181811810, 0081810811. See oding-
0010.

0018881. See 08881010.

00801188, 0801081100, 011800 (Rode, 081180,
080, 111180) 80, 298, 882, 841. 890.

0811, 0188018, 255.

0080808. See 0808080.

0000018110, 0000010110. See 00001011.

00810110, Hugh, 245, 250.

000801080, 0118881180, 1711110180, 294, 298.

00818810, 00810010, 00818810, 08811101, Dum·
0101, numum, John 80, 287, 299, 818,
8208128848, 877, 888.

00801010, 00801011. See 00801011.

08810108. See 00110188.

0018800101, 0011000110,00111088111·0,οο, οι.
ford, 01188101, 188, 182, 210.

0080101088, 1708801080, 88.

001880111800188800110. 8800018800181.

00001111, 00001111, 00001110, 1080, 25.

18011011, 28.

.......... 11.110100,11.

001188, John 80 10, 282.

.......... 1111118011, 891.

0080010011110, walter 80. 248.

0808188, 00818108, Thomu 80, 214, 249.

00111110. See 11801110.

0011018, 11188018 80, 59, 78, 75, 78.

00111, 00110, 88 0111, John. 28, 48, 50, 448.

.......... 0108018178.

.......... 00108180.

0018108. See 088108.

010181, 188840.

01110810, 01018018, 0101801, 010110101888
1114194, 801, 821, 825, 848, 852, 888,

.......... 0108818 88. 155.

.......... 00801180, 288, 287, 294.
0111188, 188080, 12.
.................... 181181, 188.
.......... 0108018, 210.

.......... 810108 80, 29, 49, 449.
.......... william 80, 10.
01010010, 01011010. See 01810010.
0111180118, 188080, 184.

.......... 0811011 88, 184.
0101008018, 108080, 882.
.......... Thomu 110, 882.

Dru, 81188, 7.

0111011, 1080, 48, 445.

.......... 1801800, 48.

.......... 17111118148.

 

