548

1101111011 wake, 1100011011, 1101101]1, 1911111100Ἰ

INDEX OF PLACES.

1100110116. See Downhend.

01001110100011, 11011ιί11011), 1101101μο 1100101100, 1100101100 somer-ot, 279, 280.

111010801001011, 283,315, 330, 337,

389, 432. ,
.......... 0111101101, 400, 410.

110011ι1ι, 1100011011, 11010111, 1110011011 Doue-
lffihm 1701, 80001001, 292. 314, 330,

1101101110 [11 0011001110 110000, &lup 232,

1100011006, 1100111110, 110000101111010110110,
8000001294,306,318,360,385,420.
11000100 [in 3100100 Ιιιι]], 11001100, 1100-

100, 1111001111. 244, 249.

1101101οὧ0 [10 8100101111 Dauno, 1101110011). Ι

11011016 [10 811ὶο311010],1110101).,69,76.

1111030100, 1110311101, 111101100110111111010, ,
1110]οο10 [10911 1711101001] 1110001, 0110111,

1110]ωὲ10111010310011110]0010,801001·ιι1 ·

Dmyton (1101110010). See 1)ιι]1οο 2011.Ι
......... [101101001ι]], 1101101010, 37.
......... [1)] 1110300111 80001001, 291, 330.
.....,,,,1[81οὼ10 1110111011],Οι10111,166, 179,

313, 323, 360, 378.
.......... 0110101 01, 396.
11000031111100011010. 19111100]ι11.
110010. See 11101101.
1111001100 [108000311100111100 0010111, 170.
Dumgffiffiffiffi· 1100011110, 8011110111, 296,

., 01101011 01, 407.

111οι100, 1100010110. 1111011000, Domstywe,
0010111, 155163, 177,196.

110001οᾶιο[10 EmbletonJ, 11100100, 1111101),

1100110πο. 1911 1111001011.
111011111119111110111111.

⁴ 11001001· [10 Βι11130110111]. 11000001, 1100001,

3010010014273, 300, 332, 344 , 361,
364, 365,434

111110100311[10 81031010]] Dure Ἢ, 111110-
101311, 8011101101, 306, 349,

0101013ὲ19331ἐῖ1103110, 1111110311, 8011101001,

11110100. 2111110100, 11010100, 1100101100.
8403001101278, 300, 332, 344, 304,

1111011111011100101110001 1 011111, 0111111110, 1101

....... 1}st 011117001110110, 109, 116,124, 1

..111011 110111, 0011101101, 152
......... 10 111110, salop. 227.
......... [1110110 11011101]Ι 1101100010, 12. 49,

0110014491111101010
1111ιί3 911 1101111130
111010109118101011]

Drmiam [10,001111010]10 Dririg¹ Drvrygge,
11111101), 61, 76, 83.

1)ηο 81010 911 81010 Dry.
. 11317330 1911 1110111130

1100111
1,1,82 191195.

1101111011,110111111.911111111100
9116103100. 11011]03100, 1101011010, 23
111111110πί011 [10 8101101600] 1106011131,

Dudd ι 811111)21818111οι11031001, 1111111111, 1111111110

Eunt 111111 west, 10111101) 59, 60, 8182.

11010110119111110110111]

Duklynwn ,911110011103100

11111001[10 81. 0011101111 110111]1130011, Bul·
1103100 (011), 80001011, 326.

.......... 3101001101. 416

1)011]03. 1911110011103.

1101001100, 1111101100 80101001 333.

.......... 0111101101. 406.

11110ὴί10100, 11011]01011, 0110111,Ι μ

‘hagah

11]ι1110111)]01001.9111)ι1011001
¹,Dyoheforde 8011110010, mill 01, 42.
1)]01100000010, 1)]0110000101]. 191ιῦ100010.
1)]011003010, 911 1111011001

1)]03010], Ι1]ιι310. 9111110310]
11]01·ι.19111)101101.

11]0]ιι3100. 8010100103100
Ι1]101110] [10 Spoluburfl, 11101110, 0110111,

E

80000101 [10 11011800 on 1110 77011170001110,
8001η1,1111101ι..54, 55, 85.
11111103 Ιδ0011100131881111ἱ1181ὀιι3 110111, 98, 107,

.......... Α]101103, 0111101101. 143.
110ιά103100[10(100110111],110111103100,11111-
]03100, 80100 219, 231
111.)11(ἐι“ἔι3ἕοο]Ι 2)·011110, ἴοι-1101,
101)ιο

1111111011 [10 0111101011]Ι 1100110110, Herlmyo,
811111030111011196, 166, 113, 128.

19101011[012111010211911] Imm 110119· 1101010111, 11000101118101101130001101, 202,

11006011111 ιι..192111 Comptou 11001100.
1100111110, Nutu, 108, 116, 124.

.......... 1103001101, 151.

......... ,83110100101100010001410.

80101100 [10 110110018111800, 1100600,
11111106.. 60, 79, 82.

 

