612 INDEX OF TENANTS.

10011100,
11010

.......... william, 286, 3111.

11000. 60011300.

1110601. 80016010.

1000, Thomu, 0111001100, 422.

1000, Thomu. 61.

.................... Agnou, 0110 01. 61.

10010010, En 60, 291.

......... 16006 60, 291.

1001. 0611010191. 111οη10 10, 146, 147, 148.
......... i 008001111101100 01, 96, 96106, 106107.

.......... emtor 0, 151.

........., 6010 01, 261. 262. 261, 262, 266, 267.

.......... ῃ......,1ιο10001,46, 189.

.......... Elisabeth, 00001000 01, 201.
.......... John 60 1100600100, 00000 01, 106.
.......... Philippu, 60010000 01. 390.

10010. 80010000.

1010000. 110οη 60, l.

Yvo. See 100.

Ym. See 1000.

10010000, John. 996.

.......... 11100006, 396.

Yevylwm develton, Gyvolton.
h, 344, 386.

Ζ

2000100, 200011, 800110,Βοωο,81100110 8000110,
{gh 2000060, 2000110, 4100 60 10,

, 11100000 60 10, 166.
,110100 10. 2, 3, 4, 7. 444,
John 60 10, 169176. 102.
.................... 1013110127.
.....,..., 1006 01. 36, 38, 40, 207. 260, 268.
1111110001 10, 916, 216, 220.
1110100100 60 10, 110.
01100010, 6, 6, 171, 906, 2011212.
1100006010, 161, 226, 997. 449.
...,.,..,’11101000 10, 212.
.....,..., 1006 01, 264, 426, 428.
.......... william 60 10, 13, 26. 26, 30, 43.
230, 266, 306, 317, 339, 340, 383, 384,
386, 386388
.................... 1010106906, 219.
...,.,.., ,...,..., 1006014211, 439.

.............................. 01 Haryngeworth.
44, 240, 269, 446.

 

