BARONIES, HONORS, FEES, 1155.

(155515 055],11551ω5151,55555] 01, 287.
omn. See 0555555.
Cholbofffilffomff chunberge, 55555] 01.

0555555, 055555, 55555] 51 , 275.

(115551550515555, 555555 01, 297.

chi-alborum 0515515555, monor 01, 287.

(1515555. See 01555505.

0555555555 ’1151555555 (Ecclesia christian
{37⁷⁰qu [855555555555]Ι 55555 01,

0015115555 See Omklington.

(10555555 11555155, 11558555, nomam, Don-
(1555, 11055855, 55555]055115501. 275,
280, 281, 284, 288, 808, 308.

0551115ξῷ55, 0055115505, 55505] 51, 287, 288,

0515555555, 55555] 01, 275, 281.
Dodingzoles, 55555] 51 , 281.
Βοωᾶοῗίωῐέοώοιιο, 05555155. See compton
05.
nomm, 0555550555, 1155555555. See
r.
Duudone, See Compton Dundon.
Dmter. 1105555555, 1105555555. 1155555555,
11055555555, 55555] of. 274, 275, 280,
284, 289, 291, 308.
Fit: Pnyn, 55505] 01, 275, 893.
Glumssffifflffl 01 555 55505 51, 281, 289,

(1105555555, honor 01 , 2³8.

Η555511555555055. 1150555, 115055 1155055555,
55505] 01, 275. 298.

1155515551 [Devon]‚ Hertilond‚ 155 01, 273.

Η5]5((15 151, 55555] 51, 288.

Η5155555555. See 0155555555.

1555555[Ι.155.], 15555555, 55505] 51. 275.

1851555151. See (155515 cary.

kaington, white, Wythlnkinton. 15551, 808.

lovel, 55555] 01, 297, 298.

Lunggnpoyo. 55505] 01 , 297.

Martia. 55555] 51, 297.

608

5155155, 55555] 01, 288.
5155555Ξὲγώ [1)05555],51555550515, 55555] 51,

5155551555. See 5155555155]

Montanum, 55505] 01, 278.

.........,155 51, 814.

1115555, 51555, 55555] 51, 281, 890, 892.
Mmiss'gffffiw' Moratoyngm, 55555 51,

........., 5551115551, 272.
Muohelffi, Μ555515]5, 155 01555 5550551,

1155555555, 55505] 01, 289.
1155555555, 55505] 01, 275.
0555ιὲξὲ55 [1155551 110155555555, 155 01,

Polus, 55505] 51, 281.
Βοᾶῃέοὲἰη CanningtonJ, 1158555515, 155 01,

1155551, 55505] 01, 289.
85555505, 8555505. See Shopton Montagu.
51551155ἒὲ5ἑ]Ι 55505] 51 555 555555 51, 287,

85555053ί11ἑο75ἑ55ἕὸ5ἑ 80555555, 8555555, 555505

Stoguney, 85515 0555] 55555] 51, 275.

85515 2515555, 2515555555015, 55555] 01, 280.
85515 [under Η5555155], 55505] 01, 283.
stow, 85555515, 50505 51, 284. 808.

Tazos, 55505] 51, 281, 289.

Τ5555552178Ξ. ξέὲἛὲιγιςς, Trobrigg¹ 55505] 51,

97511555, 55505] 01, 280.
111551 [15 85555555]], 91]1, 155 51, 308.
1913555Ξ59,7 Wygemor, 1555555555] 01,

9115555555, 55555] 01 the 515555 01, 284, 208
no e

17]]55555,17]ςς55505. See wigmora.
Wyk. SeeWeek'.
Wythlakinton. See hekington, white.

 

