602

1110, 6010. 800 11010101.
1000011, 1100001, 601001 01, 70, 76.
10101, 1301ιᾶἓῖξὲ ἐξ, 176, 67, 68, 69, 71, 72.

11111 [01 1110061 1016161101, 86.

1111110116111111011111101101,0103, 01. 1

11601100, 601001 01, 61, 62, 16.

NOTTINGHAM.

6011011 [upon 800111 81100, 10000101, 102.
Boron, 10001, 12. .

11601101, 6000101, 103.

606101 [1101611 0116010001, 00011001, 92.
0101011011, 10001, 130.

1101101111, 100 0116 61101101, 98, 96, 96.
Ε1011ος6010,100 01, 66, 96.

1101011111, 100 01, 96. ·

110001, 100 01, 95, 162.

(1016111100, 100 01, 96.

1111000111, 61101101, 91.

Ηο11016.100 01, 98.

1101100 ἷθίἕηὶοξῖπ, 110111, 11000101, 121, 122,

1111161 10 6166016, 11111061, 10000101, 103.
11001016, 100 01 , 95.

Kyme, honor 01, 103.

laoy, 100 01, 98.

1110000101, 60001 01, 102.

1101001101, honoros, 96, 103.

1100010, 611001 01 160 6106011 01, 21.
moubray. 100 01. 95.

1010101ἰοξοοω 01, 91, 93, 9196, 96, 99, 100,

Βίο6101ξ1ὲ6 ξξῖτῆ, 1110600016, 60001 01, 94.

8001611011, 801611011, 0010 01, 96. 98.

1610100100, 100 01 , 95.

11016111[10111 11106111, 111011, 11106011,
11101. 60101· 01 160 000110 01. 92, 94,
95, 96, 97, 106, 101, 102.

1016οη [8111110161 1011061111, 6000101, 108,

11106011, 11101, 111011. 800 11016111.

OXFORD. ⁶

111101, 100 01, 180, 190.

110101, 11016 01, 155.
11011100111601001, 156, 180.
6111101, 11101, 61100101, 151.
nolebam, 10101101, 161.
11011110,’-111011011, 100 01, 178.
Mus-td (1110101610), 100 01, 185.
81. 1911011, 100 01, 167, 180, 181, 190.
wallingford, 6000101, 154.
westminster, 60100101, 157.
windam, 11111101, 169.

ΒΑΒΟΝΙΕ8, HONORS, 1111118110.

SALOP.

Album 111011011οή0οι 800161660106.
1110010001, 1110101100, 31011101, 60001 01,

11011016, 601011 01, 210.

0001110110, 100 01 , 210, 245, 246. 251.
60010, 0110111000, 601011 01, 216, 211.
060010 10 Ηο100[011001 100 01, 217.
6601101, 60101101 160 6106011 01 , 21.
001601, 611001 01, 210, 241, 212, 266.
Fit: Alun, 611001 01, 221, 238. 239, 216.
(10001111, 6010ογ 01, 224.

Ηο16011001 0110101, burony 01, 244.
1101606011. 8000166011.
Ηο161121ῗὸ11010101, 10001 160 011110 01, 218,

111101. 800 eausa.

11101, 110001, 60101101, 237, 212, 218.
1100360110110600, 1016061101, 41.
1111111101, 100 01. 220.

11106011 Μο0111111,100 01, 245. 251.
110011131ἰῖ11, Moungomery. 010110 01, 210,

........., 100 01, 220.

6101111101, 100 01, 218.

0166011, 1101606011, 100 01, 218.

Ρο10101, 10001, 238, 219.

1101160111. Ρ11016ο100, 100 01. 218.

801100 01, 218.

8610116011, 11011060001 10 160 001110 01, 221.
stotevile, 61101101. 215, 2111.

101001, 10011010, 100 01, 216, 264.

11111100, 60101101, 222,

wem, 1101111011101101, 237, 248. 219, 270
11001001016011106 6011101 101001 01. 221.

111611060το6 (Album 11010110111001, honor 01,
217. 218, 219.

SOMERSET.

606111, 6000101, 288.
Burnum& [110101131161101010. 60001 01,

11016, 6111011 01 160 611601) 01. 276, 279.
magdon, 8111106010, 60100101297.
1101011, 10001, 299.

Βο106010, 101 01 , 308.

001101, 110100. 00010101, 00100101110011, 6010ογ
and 6010101, 217, 289, 299.

0011100 01, 298.

 

