INDEX OF JURORS.

L

11111111111111111, 160.

11111111, Elin (11, 160.

1205, 1111111111, 428. ⁴
Inghton, John 111, 286.

1111111, John (11, 286.

lambant, william, 11 81111111, 189.
11111117, 11131161, 94.

Iamproy, John, 178.
1111111111,111111,11 staunton, 125.
bno, John, 427.

.......... william in 11, 11 8111111111, 125.

langeford, william (11, 279.
111ρωί11, 1111111111 (11, 175.
langeton, John (11, 98.
1111111111, 11111111, 80.
1111111111. John (11, 297.
.......... 11111111 (11, 297.
111111, 11111181, 177.
1111111111, John, 188.
1111111111, william, 410.
111111],171111111, 80.
Imm. william, 80.

1111, lach, Honry, 816.
.....,..., John, 11 01111, 206.
.....,..., 81111161, 280.
.......... 1711111111 (11, 178.
1111111111, knight, 124, 125.
11111. See ho.

1111111111, william (11, 292.
11111111, 1111111111, 50.

1111111, 111111111111 11111111] (11, 88.

Intraum. Seefltmngo.
111111,111111(11,285.

1111111111, william (11, 248.
1111311111, 2811111, 11 11111111, 267.
.......... 11111269.

1111111111, 11111111 (11, 98.

11111111. 81111111.

111111, 11111111, 1111111111 (11, 98.
.......... 1711111111 (11,280.

leit. 81111111.

1111111111, 1111111111, (1111117 (11, 295.

.......... aubert (11, 288.
1116111111. 6111111111.
1116111111, Roget (11, 242.
1111111116, william, 421.
111111111111111227.

.......... Philip 11. 298.

.......... 2111111427.

1111116111, 1111111111 (11, 241.
1111111111,Ψί11111181. 246, 247.
1111111, Philip, 425.

Ιιοι11111111,1ο111, 428.

111111112111111, 421

Loveny, 1111111ῐά (11, 8111814.

Loro, Hugh, 111111111206.

...,.., 11111111, 50.

.......... 1711111111 (11 11. 247.

1111111, 1111111111, 488.

1111111,1ο111, 182.

11113111, william (11, 292.

1111111111,111(1111111,111111111 (11, 225, 226,
239. 247 . 257.

.......... william. 258.

1111111111, John, 11111111 11 8111111111, 862.

1111111111, william, 203.

Lymyngton, John, 428,

Lynde. 1111111111, 288.

Lym, 1111111, layum, 11111111, 17 7.

.......... 1111111111, 420.

.......... william (11, 290.

Lyn, Hugh 11, 281.

Lym, 1111, 1111,421.

.......... 171111111 (11, 285.

M

1111111. 8111111111.

11111111, william, 240.

11111, Henry, 140.

1111111111, Hugh 11, 289.

1111111111, -,208.

11111111, John (11, 246, 217.

.......... 1711111111, 242, 247.

11111711, 11111424.

1111111111, 1711111111, 427 .

1111111, 11111111.

1111111111,Βομ1 (11, 08.

111111111150.

1111111111, 1111111, 423.

11111111. 1111113111, John, 422.

.......... 1711111218.

11111111111111, 71111111111111, 185.

1111111111, Thomu, 140.

Mar. 61111111.

11111111, 11111111. 1111111, 1111191, 11111111,
1111111426.

.......... 1111111111428.

........ ..1111111277

.......... 1111111111 (11, 291, 294.

1111111111, 1111111111111111111111111111. 174.

.......... 1111111 11, 160.

.......... 2111111111 Eunt, 260.

........ , 7711111286.

maroham. 21111111 (11, 97.

Maro, 1111, Mero, 11111· (11, 297.

.......... 1111111111, 298.

l .......... william (11 11, 298.

 

