INDEX 01⁴¹ JURORS.

0

00010, william, 202.

010101, 1110301215.
01001010001100011, 410.
010101100, william, 258, 201.
011101, John, 01 (110001, 130.
001101, 1000, 243.

0100010, 101000 00, 284.
.......... 1000, 380, 438.
01100, william, 424.
osmund. 011111οι0, 423.
01011. 11100010, 302.
0110101, 0011111, 200.

' 000100. william, 240.

0000010110, 1000, 283.
01101110, 0100111000. 100.
01110οφ, 1000 00, 101.
001110, 0100010 00, 180.
000101, 1000, 424.

Ρ

Pago, John, 270.

.......... william, 177, 182.

0011001, 0000010, 0001001, 101000, 01 1101111-
100100010, 0110110200.

.......... 100010, 207, 282.

.......... Walter, 422.

001100, 1000 00, 177.

000101, 1000, 287.

0011101, 1000, 50.

0011, 00110, 1000 00, 182.

-, 01 000110100077.

.......... 11100010, 88.

001101, 11001010, 182.

01111051, 000011, 01 Ηο1110110, 100.

0011011000, 250.

Meu, 001111001201.

Pate, 000011, 79.

000101, 0011101, 0101110 00, 277.

.......... william 00 30), 410, 420.

0001100, John, 430.

0100101. See 0010101.

0000100, 1000, 257.

0010, 0011000οι011, 208.

........., John. 420.

.......... 11100010, 410.

.......... 01101000, 410.

000011001000, 420.

00000111, 01011010 00, 200

00000100100000010 182

0000100, Adam, 280.

0001, 1000, 432.

0010011110, 0100010, 427.

00100, John. 270.

0011, 01110, 0011, 1011110, 242.

.................... 01 0101130100, 258, 201.

.......... Walter, 250.

00101,1000 00001, 90.

001100, Adam 00, 240.

00111, Γ00010110, 0111111010. 50, 51.

0011, 1000 10, 273.

00011110, Thomas, 427.

0011111, 11100010 0011 01, 200.

01101101, 110011, 01 11110101, 1001101000, 200.

011100, 1000, 408.

0111111110, Pyppnrd. 11100010, 01 100001010.
{g} 180, 101,104,105, 107, 108, 200,

.......... 1110010303.

01110, 1000, 01 0011011011ωο. 50,
01110, (1110111 0010, 205.

011101, 1000, 280.

0111, 000011, 207.

010001, 11010000, 317.
0101111010, 0011010, 400.
010000,010000110, 11110110 00, 203.
.......... 11100010 00 10, 274.
0100100, william, 011100100, 130.
01000000, 1000 00, 230.

0001. See 001101.

0011101, 00111010, 1011110000, 200. 284.
Ponte, william 00, 280.
0010001οι. william, 200.

001101, william 10, 240.
0001000011, 1000 00, ΞΟ.
00010101, 000011010001100100, 102.
00101, 0001, 1110οο100, 200.
.......... 1100111011.
0011101. 0000011101.
0010000001111010, 200.

01010011, 0000111000, 244.
0100100, Roget 00, 205.

0101100, william, 177.

01000, 1000, 420.

011001, 01001110, 01.
0101111001, 1000, 175. ’

011011, 100000, 01 8010011, 200.
00001, Roget, 207.

0011. 8000011.

0010011, 0001000, 175.
010101000205.

011101οω010, Thomu, 204.

0110, william 0010, 274.
011101ομ000, 1100011, 280.
01111010. See 01111010.
0111111011οο0, 400.
011001000, 181.

01110. See 0011.

0111001000, 241.

 

