1101101 11111100.

T

11111010, 1111110010, 1101111. 77.

.......... william, 74.

.................... 111111, 73.

'hilum 11111111, 10110111, 1011101, Tainour,
00011101, 220. 241, 255.

.......... 3011110330.

.......... 31011111, 187.

111101, 1110101, 10111110. 137, 253,

.......... aad 31101111110111, lord 01, 248.
250-255, 259, 281, 268-288, 270.

.......... 1011101100, 284, 296.

.......... 31011111, 337, 339, 332, 339.

Tamo. 800110010.

11010110. See 11111101.

1111. See 1001.

1111001111, 301011 do, 15.

1111101010, william, 327.

11010100 (Tamania), 0101300001 01. See
(1011011, 31010110.

......... ὲἔξω 01, 275, 278, 293, 300, 303. 332,

,344 348, 384, 392, 408, 408.

11011100, 1011110100, 1101000110, 304, 348.

11011011101111. 3001111111.

111100. 80011010.

Templum, 110, 4, 199, 282, 289.

1101111οἐ111ῑώ Templi), 1111010101 11010,

wandalo. 8001111010.

10110, 1011131.

1100011010, 1101100 de, 58.

10001111, 301011, 300, 301, 332, 344, 345. 364.

........, william, 278, 279.

1011001111 [00. 0101000111 01101 01, 328.

1010111111, 10100011, John, 343, 376.

’1111ωο, 111110. 00. 0110111, 0110101, 182, 187,
170, 171, 170, 181, 191, 197.

.......... 1011 do, 34.

......... ‚l 1710100011100 01 the 0101010001, 181,

.......... 11011010101100101010, 00. 80011-
0011101, 434.

11011. 8001001.

11001010010010. See 1101100101.
’.1101011οη01, 1100011οω10. 1011, 178, 210.
11011, 1111110010, 200.

11110101, Alica, 32, 33.

1101110111. See 10111011).

Thomas. 31101000 000 01, 5.

.......... 1011 001 01, 123, 136.

11001010, 1011 (10, 188.

1101110111, 31010111 (10, 244.

11010, 11011100, 1013 01, 313, 359.

........., william de. 325.

.......... 30101, 013110101111, 280, 264.

1101101, 31111, 48. ,

.................... Margaret, 1111001, 48.

1101101, 10100 [0000011111101 01101 01,
12, 13, 23, 29, 30, 38, 48, 51, 207.

11010101, Roget (10, 81, 89.

.......... Walter (10, 332.

11011, 1011110, 100, 105.

.......... 3101010 (10, 105.

.......... 301011 de, 47, 48, 49, 448-

.......... Simon de, 5, 8.

11100101. 301011 (10, 58.

1110101110,ιὲ1010100,00. northampton. 11010011
ο, .

1100101. 8101010101.

1111111100, 1101101101, 1101101101, 1101·-
11110”“1·01111111’11111113
mmmmfflm

1110111οω111. 8001111010111.

1111011. 8001111011. -

1101110101, 1101010101, 11001011010010,011·
1011 do, 49, 51, 449.

.......... 1101111110, 25, 23.

.......... 10111110. 29.

11010. 80011010.

11111. 80011111.

11111011, Peter, 10111184.

11111,1“1111,11111, fleury, 21.

..........381111, 297, 305, 324, 329, 348, 303,

Peter, 348, 381.

11101010, 1010111111 do, 243.

1111011, 1111011, 1111011, 1110101. 111001,

1011, 1110101, 10111 de. 113. 121,

1 , 133, 373, 374, 377, 378, 388. 387.

...,....., ......,..,1111111,371.

.................... 1010 0101011111 01 the king's
1011001010, 421. 424, 425, 426.

......,.., 3010, 102121.

1111001010. william de. 237, 249.

100101.. 8001010101.

10801011. 800110011011.

10111011, 1110111011, 1010110, 29.

......,.., william de, 205, 214.

1010010101, 308.

, 1100111101, 11111, 301011, 290.

.......... Roget 110, 159.
.......... william. 37.
10110, 10101200.

10111111. 1010111, John, 93.
Sibyl, 99, 117.

1011101, 101101, 1111101, 10111101..1011110.
¹ 309. 355, 358, 374, 387.

ff .........,8111011,310,3.·10.
1 .......... Thomas de. 374.

11101101, 335, 383.

Thamanon, Thorgorton. See Thurgarton. Ι 11110011. 8001101101.

 

