INDEX OF PLACES.

118188158μί8 11388111981881831111888,
9888185388ῡ8118ι8881 9888818888111885

Fwwfiytmffn 061831881683815118815811,
288888ιὲ388 ζῘΞιι. 7918188131, 9818888818
11888818. egel 11888818 8881188881.

Fumnfflton [in FaltonL 118881

811888-
,111181., 58, 59,7 , 75, 81.

11188188 SeeFarringtonGurney.
ankton, Eufflh [18 8118888881. Franketon.
88183, , .251, 283.

8811888888, 1188881818, 1088881888,
88881881, 311, 329, 378.
1188188811. 8888818811.

91183183ἓᾷ 1333383188, 118ιί8318ιά8, 081888,

Fritwell, 88188811, 08188, 169,180, 190.
98888183, salop, 290, 289, 257, 264.

118888, 118888 88888118, 88888881, 276, 309,

318, 954, 385 425
.......... 8188818888 viomge 81, 995.

1181188881, 1181818881, 8818188818, 1181185881,

08188181, 165,184, 188.
1181888881ᾱί8. See Famuline.
9811881811, 1115818, 58.

88118811 [18 nimum, Folmu, Oxford.

158, 180, 190.

3818811 [18 spilabury] , Folewoll, 081888, 185.

91888188. 8889188183188.

1131185188. 8811111818.

1318188846Μί8. 8811888888.
Fyfhydo. See 1111818888 1118818888.
1131813838. 8811111188.
8388888918888 8881118888.
11388181. 8881881881.

8383838838, Fynynghoy. 818 8188183183.
prhido. See 1118811888.

1188188188. See 81818188.

1111383188. See 8188183188. 1

G

0831838811, 0818838881, 081818, 165.

Gaham See 0811888

0818831188. 380811883188.

08Ιά1838880. 880831838811.

0818883188 [18 North 30885833386081883188,
88888881, 906, 9194

08118888811181188

0888188, 0888188188, 088818188, 118118, 98,
109, 111118.

.......... 8118181181, 143.

......... [18 19881 Bri ordJ. 0818818188,
118118, 102104, 1 1,134.

559

,Ι 081183.38808ιι83
Ξ 088881818 9[18 1881311881088888818888183,

08818311ἕί8, 1101381188813988883888, 081881,

onmem& 01881871 0818188, 88183, 259,
88882318 [in 8883, onom, 171118,

08188881. See 1188118881.
083188, 1181118818, 22, 44, 445.

1 0888183188, 0831383888, 1188158818, 25.
0881183,088811832808881183,118118,98,105,

.......... 8118181181, 141, 142.

0881183188, 0881181888. see Yarlington.

Geruindon. See 0888183188.

0881881. 3808818111).

0118818838. See Gumey 811881.

081818, 088811. See Yeovil.

Geveltono. 8818881188.

Geytyngdom 8880888183188.

05183188. 8801383188.

01588888 [18 Β18881ιγ],0 pumero, 01388888,
118118,95,112,127ᾯ

0118881831 SeeGuilnborough.

01388888. 9880158888.

0181183. See Barling.

018188, (1881188118118, 104, 125.

.......... 818888 81, 144.

01181188. 8838881188.

018811888[18118118810188113111885, 58,

01881881[18711’18111183888], Nthmb.⁹ 68, 67,
0183188888018318888,118ι188818,29,46,48,
49 447, 448.

0188881838. 8801888188.

0188188, 0188188, 8811888, 205, 209, 212.
........ ,81181818 81, 210,211. ’
0188188583, 98881881, 8188818 81 st. John 18,

0188188. 9810188188.
01888183, 0188881838, salop, 218, 281.
01818ι8 (eie), oxford, 114.
0188888. 0188888, 1188188818, 9, 24.

388188 81, 52.
0118188, 0138188, 1188118818, 28, 442.
01388118ἕέ,011183188 0138188, 081818, 156,

.......... 0138188818881881202.
0138188. See 0118188.

08818111, 08188118, somerset, 822.
.......... 8888881, 999, 400.

0881888108118818, (18118881, 08188881,
88888881, 298, 901, 891, 945, 310, 439.

.......... 8118881181, 406.
0888183188, 08818188, 1188183888, 0818ι8,
157,169,180,190.

(1083838888, 8188181881, 201
08881183. see 0881183.

 

