INDEX OF PLAGES.

810011οἕ1(1)[10 1111101011810111010, 11111010,

8110101011οω, 810010100010, 11111010, 53, 84.

81000010. 800 8100011111.

81000011σὶ01. 8100101101,810000111110,8101101-
1, 8101111101, 80001101, 277, 310,

3 2, 319, 355, 358, 308, 380.
8110011111[1οΡ01100], 81000010, 8100000100,
011010, 171, 170192.

810110111081001010, 0110111, 102, 183, 194.

8100000. 8008100100 upon 11ίο0000111.

81000. 800 81000.

81000100. 8008110100.

8111001100. 800 81001100.

8100011108100011110. 800 81001101.

81001010 [upon Α100], 1101010011, 24, 38.

......... [0000 8001], 110110, 103, 123, 124, 130.

................... 0110101101, 140.

811010100010. 80081110101011010.

8100100, 81000100, 1101110010, 25, 447.

81001010. 800 8111001010.

8111110110. 8008101100.

811001οῄ00, 8100100100,11111101)., 59, 81.

8100101101. 8008100001101.

8100100 (110111.) 800 8100100 00 1110110100,
81000100, and staunton 101110 Vale.

(011010). 800 8100111081. John.

(somerset). 800 8100100 Prior 0110 Ι

81000100.

111011, 81000100, 81000100 1)ιο110,
80ωο1101, 311, 328, 357. 380.
................... 01101011 01, 412.
1111100011, staunton 1111100011 11101-
. 001110), 011010, 150, 103, 177, 195.
hey, 81000100 (sic), 8100100 juxta
1100011110, 80100, 224, 228.
00 1110 wolde, 81000100, 8100100,
110110102, 123, 130137.
,,,,,,,,, Prior, 81000100, 8011101001, 328.
81301111, 81000000, 8100100, 81000100
Qut 10110, 011010, 159, 108, 172,

.. ...0.811100οἒ1ἑ1011ῃο70111ὡ681204οἑ100, 81000100,
8101111001 01300 11011011000100. Ι

81001010100 10 1110 111010 [ὶο 8000110108]
8100110000 in 80000, 8111011011ὴὶ0,
8100001111ἰο 10 1110 11010, 80100, 215,
230, 230, 251204

8ωπέ451025881ὲο61ἓο010], 8100011111, 80100,

81001101, 810010 8100011100, 81000110,
1101101011 940 4851

8100100010. 800 810011111ᾱί00 101110 111010.

8100100100. 800 8100011111.

3100003100. 800 8100οἰ03100.

8100010. 800 811010 1111000100.

8100011010. 800 800101010 and 8100101010.

8100011011. 800810010100.

8100111010, 800 8100101010.

810010 81080100, 8110010, 810010, 80001001,
272. 13, 329, 372.
.......... 01101011 01, 409.

583

8100101010, 8100111010, 1110011010, 110110, 04,
99, 110117, 130.

......... , 8100011010, 0110101101, 140, 142.

8100103131ὸ821ἔο01100, 8100111100, 80100, 230,

8100101110 [10 1111100111, 811001100, 810001100,
80001101, 282, 327. 301, 389, 420.

8100011010, 8008100101010.

8100011011. 800 810010100.

8101111010. 8008100100100.

8101110 [10 81010 81. (11000101 810111, 800101101,
312, 325, 359, 311.

8101110110, 81000110, 800101101, 311, 357, 379.

81001010. 8008101010.

8101110011. 800 81011100.

81000000. 800 8111010081. John.

810001010. 80081001010.

81100100. 800 0100811101οο.

81000100, 8100100. 110110, 91, 100,105,119,
125, 132; and 1008100100101110 110101.

.................. 0110101101, 143.
(8010 ). 8008100100 Isaoy 01111 8100100
upon 1001101111.
(80001101). 800 8110100 111011, 8100-
100 81101 and Whitostaunton.
[in 0000101), 8100100, 8010011111, 302,
341, 390, 430.

1110110. 8008100100 111011.
Hau-ecurt (110100010). 800 8100101
1101001111.

........ 80001 John. 8008100100 81. John.

.......... 111111. 80011011001000100.

8100100100. 8008100100100.

8100110110. 800 81011011.

8101101100, 1101100010, 30, 37, 440.

8101011101. 800810000111101.

81011010. 8008101100.

81011011 (8οο101101). 800 81011011.

......... [ἰο nominum. 81011011, 81010110.
801001101, 289, 300, 317, 350, 300, 420.

8111110110. 800 8101110110.

8101101101. 800810000111101.

810110081111010. 800 8101101.

80110οέ7ἓ1041ἐ170011, 80001001, 280, 302, 340,

81001. 800 8101100.

8100100100, 8101111010, 8100100100, 8101111010
(110), 110110, 95, 100, 112, 129.

8101081000, 1101101011, 19, 41.

.......... 0011111 01, 52.

’ 810111ος [in BmllJ. Soollyng, 11111011), 53.

81000. 80081000.

810001100ωο, 8100000100. 800 1401οο, 8100010.

8100011110. 800810010100.

8100010 [10 11000 Sava ], 810010, 81000011,
80100, 232, 240, 252, 207.

8100111100. 800 8111010100.

81010010010010), 110111, 94, 111, 125.

81011 [ἰο Βο00010], 810110, 80001101, 320.

8101001110 [ἰο 1111010101 8101011000, 8101101110,

801οο, 224, 245, 250, 208.

 

