466

06116663, 11166613, 223.

061666611ᾐο666666111, commu. 8660616·
66 .

0616666. See 06166.

06166111, Stephon de, 443.

061611, 0666666, 77111166, 392.

........ mum... 61 17661 0661611666636, 434,

cornubia. ⁴ 866 commu.

06666611, 66661666 61. See (16666166, 116·-

.--⁸⁸3ss3ssss 1, 6, 1, 6, 1616166166,
136167. 138, 139, 180, 184.

.......... 17116663, 6611 61, 13, 14. 17, 18, 224.

06666ιᾶ 0661616611, 0666666111, 0616166616,

men ,
116166 36, 37, 184, 188.

.......... 1136116336,162,164, 183, 194, 241,
246, 262, 233.

.................... 61 116116, oo. 86166, 263.

.......... (16611666 36, 30, 234, 242.

.......... John, 189. ’

.......... 11166613 36, 38, 179, 189, 218, 212,

230, 233.
.................... Sibyl, 6116 61, 38.
.................... 1613 61 11611613, 66. 86166,
230, 262, 263, 268.
06161611, 1711116636, 163.
cortonula. 8660661666616.
0611666606616666. See courtenay.
0611666616, 0611661116, Adam, 40, 48.
0666160666611, 14366 (16, 99,

ι ......... ,17111166 36, 110.
066166116066166116, 06616166, 1161611, 443.
.......... Thomu 36, 237, 242, 246.
0616166623.
0616681οἑ1ξὲθο61616, Elin, 277, 279, 294,

0666616116, 06666616,

INDEX OF TENANTS.

' 1 666666, ᾇ15616 da, 66, 61, 61, 66, 66, 66,

0611116666, 0611116661, cartana, Gortemy,
gflmney' Anne. 86611616666661666

.......... 1136613, 337.

.................... 61 1166166, 423.

.......... Ε166661 36, 334.

’’’’’’’ ’611111111161111613161111313 1111,ι
353. 362376, 382, 383, 387.

· .................... 61 01616166, 239.

.......... Humphroy 36, 334, 372, 390.
4314ἒ166611166, 61 21116166, 161661, 433,

., John, 391, 333.

.................... 61 (1636616666 (0636111161.
431, 439.

.......... 161661, 328.

.......... mand, 163661, 391.

.................... 61 Huwymh 0116168661, 440.
.......... Peter, 363.

......... ὲέὲὴίξῶἁο, 302, 314, 336, 337, 341,

........... ......., 61 Ρο(6]361666, 66116166,
161661, 423, 424.

.................... 61 'somatum knight, 438.

.......... 1166611 36, 330.

.......... Thomu 36, 336, 337, 341, 330, 372,
373, 390 ; 6661 666 116166, 6611 61.

.......... william. 237, 392.

066166, 666161· 111111 36, 106.

06166116, prior 61, 441, 442.
06666117 663 1116116613, 611666 61, 26.
06113161, Thomu, 173.

01661613, 11166613 36, 173.

.......... 116661136,173,177, 197.
0666166666, 11166613 36, 62, 74.

.......... 17111166, 396, 309, 313, 330, 360. 1 cranemere, 1136663, 132.

06166617711366, 290.

cotes, 111161Ξ6ἑῖ3, 61 06166, oo. 86166, 1661.
m .

.......... 8166636, 14.
0616661616, John, 34.
0611666616. See 0611666666.

0616666606311616, 6611611166666, 261666

aad 661666 portione in. 116.

.................... 1111166616, 6116 61, 132.
01666116, Hugh 666 61 Simon 36, 2.
.......... John, 33.

01661613, 06661613. camerani, 16116, 33.
.......... 1161661166, 38.

.......... 1116116166 36, 30.

........., 1166611 36, 133, 163.

0166, (16611161, 330.

6611661661,661666616,6ο.0661666606 cmmotffiffium' Edmund de. 3166

663 6116616111 61, 43, 447, 448.
0611666666, 0616616616, John, 193.
.......... 17111166, 193.

061166, 7761161, 191, 197.
coudray, 1666666, 170.

066616. Sec 061116.
0661666636. 8660611666636.
06616. 0611616, John, 34.

.......... 1161361636, 7.

.......... 1661666193.
0666666666, william 36, 22.
0666366666. 860666366666.
0666161611. 9660661661116.

01666666. See 0666666666.

0166616616. See 0666166166.

0161161663. See 01661613

0661636ἓ,13166616616,0166166666,11611666
6, .

.......... Thomu de, 336, 372.

0666666116, See 0166666116.

0166666666, 06666666, 3111166 36, 273, 804,
334, 340, 392.

ems. (11666, 1161611, 237.

, 0166616. 8660116666.

crona, Hugh. 234.
.................... 61 116166, oo. 36166, 260.

 

