892

wellyngburgb. SeeWollingborough.
Wolpyngton. 80011111 Whelpington.
1001101881 Langrord 8118111101 0001001018,
01011011018, 0001111018, 010Ιο1018,
W 11ἓ1ῖ1ὂ1843ξο11101101, 280. 302, 333,
1001100 [in 111180011101110110111100101101011,
1001101011, 8011101001, 207, 308, 828,

[100111111111110011800,111111111., 88.

.......... 1101111110. 80, 38. See 0110 1011111011.

10011111. 8001011111. ¹
Wolughby. 800 willoughby.

10010110, wolvo. See 10011011.
0101101011. See 0001100.

0101113100. 8000001113ωο.
Wolynford. 800 00011018.

100111, 0001111110, 1001111110, salop, 222, 220.
237, 248, 270.

1001111801, 1011008010, 1001108011, 8011101001,
278, 300, 332, 844, 384, 434.

000010111111 [1110111011100011101111111 8011101·
101, 807, 382, 388.

1001111110. 80010011.

1001811111, 0000810101,Ψο11810111111, 01-
1018. 187, 188, 180181.

1001108011. 80010οω1801.

10011011111001101111. 800 0011111101.

wenge. SeeWing.

wenlingburg. 800 Wollingborough.

00011001, 00011101, 81101228.

0111111101,100111011010,811011,288. ,

100111001111111118, 701218, 213.

1001018011. 80001001011011

100111001011111101. 800100111.

10011. 800 00111 011 011008.

werhem 800101111011

1001110111. 800 0011110111.

Wermyngton. 800 011111ιί01101.

Wormymtro. 800 00οω1111101.

wemma, witherington, 1101111011, 442.

1000111111. 800 1001111011.

1001121111. SeePaulmpury.

1000111010. 800 10011011.

1000111111, 10008011, 811011. 288, 241, 288, 281.

.......... 8011101101, 820.

.................... 01111011 1118 0111110101, 414.

.................... 1101111001, 418.

100010108010181010). 8001181018, 10011.

100110010,110111111110, l9.

1000108010. 80011011010001.

000011111[1118ἑ1111181ἒο01], 1000111110, otford,

0001111011»[11111111101181.1111101100].100011011, ’ 10110111ἒῇ

1101111011, 19.
100111ογ. 800 1010111101.
1001111111 [in Yeovil], Wentmene, wat.

11101011, 8011101101, 274, 818, 888, 870,
11010οᾒ10 11111001, 1. More, somme,

.......... 011101 01, 888.

11:531: ,,,,,,,,,,, ,....1110

INDEX OF PLAOES.

10001011110111101110. 800 00111 00001011.

.. ...141814301111181 1101111111, 17, 18, 20.
[01001011011100110011.
...ι-....,Ιέἓοηι 94, 96, 100, 111, 114, 120,

............. 01001 01, 144, 101.

388, 878, 421, 1 ··’---·.-,811011,238,238.

[in 110111, 801011, 218, 288.
[8011111181 8011101001, 813.
[8111110111101 01, 410.
[281111 1111111118, 207.

378141Σ11, 01001011, 1101111010, 18, 28,
34[15113ίέ1111811101 8011101001, 308, 824,

[01 110 8100111 011018, 188, 170.
......... 18ἓο11111ῃ1 011018, 181171, 178, 181,

36[ἓ11110110111101 8011101101, 812, 328, 888,

............ ’ ..⁴....,' ,1101 01, 101, 014.
......... [0118111108 0101101 salop. 222
100010010111118, 00001011, 8011101001, 200, 317.

10001011 [111 11180018 81. 1111100001 10011
ἓὸοὲὢιοέἆέγο, 0710110110, 8011101001,

’ 100111011018. See 11011018, west.

Westrop. 800 1000110110.
0001111011, 011018, 188172, 183188.
...., [1011011 01, 202.

1 0100111018, See 100118.

0001011010. 800 0110111010.

1001011080. 800100011008.

0001108110. 800001110111110.

10011110. 8001010111111.

100111180. 800 0000101080.

1001101108. 800100011008.

100101οι1011. 8001011011100111110.

1001001111. 800000110111110.

10011018. 8010011018.

1011011011, 1111111111, 83.

1011101010101010311. 800101111οῃ 1011011101.

Whatolyngton. SeeWntlington.

1011111ογ, 1011010111, 001101ογ0, 07111101 ,
mg& {ssffw' 277, 808, 818, 8 9,

384, , .
1 .......... 0111101 01, 898.

0711111011ἒ300111011, 110110, 82, 102, 101121,

,1101 01, 140.
1010018018, 1011101018, 011018, 171, 178182.
ξθὲωὓ, 1010111111, 8011101101, 300,

1 .......... 1001111111, 1010111111, 811011, 218, 281,

242, 281288.
1010111ογ, 10001101, 001011ογ0, 11011187, 108,
ΞΜ 11100101, 011001 01. 110

.......... 00111010, 011018, 107, 188.

 

