580

84444448 4444841, 84444448, 84444448, 844·
ἓιᾶιέ, 488744441444, 280, 302, 333, 340,

.......... 41444144, 409.

84444448 3444. 844444184444448, 84444441,
84444444, 271, 304, 347, 392. 438.

8448 [14 1148444418444184444444, 322.

844844ἱ8ώ81464ὂ4448, 84444448, 044448, 103,

......... [14 Pron} 844144184444448, 84144,
mm 227,.237 248, 270

......... [14 11441844],84444ι·8, somerset,
218, 901, 33234 5,,304 434.

......... [14 9144444141 844484418, 84444448,
8444448, 84444444, 306, 310, 381, 420.

84484448 orm, 844444ιά. 8444844ιά844
ff‚&m.fflmmmffl,ffl

.......... 8444448, 41444144, 399.

84481111 [14 44444444144141141448-

1411, 398444 111, 84444444, 290, 303,

84444488418441844844414441448 4444841,
84444448 Βι·44 448 84484448 04444.

844444ιὲ8Γᾶ {ee 54444448 4144841448 Sump-
4 ro

&ndensforqaegem Seneden. 044418, 101 ,105,
,1.

84441ἶί4814ΐὲ841), 844411, 114444, 97, 100,

.......... 84148414, 414441 44 , 149.

844484448 844844844484488441444804444.

844481111. 844 84481111

sanator& See 84444448 4444841, 84484448,
44884484 40448 04444. .

844448414 [1481414448],84]484111414),84444·
clix? 1ξίιῖιίηᾱιιὴ, 114444, 92 101,103,

.......... 84444841441444144147.

8441841411,8441844404841418444114,114441·
4444, 2, 21, 83, 440.

844414, North 448 84441 114444, 104, 125.

.......... 4144144144.

84411143, 844 84411143.

8444444. 8448144444344441444.

84148144. 8448144444.

841418444114. 844844184411.

8414444441. 8448144411

8414444444 8411444444. 844814444444.

84144. 844 8144.

8414414ιί 8481441441.

84144844. See 8144844.

84144418 (sic). 8448144147.

84141844444. 8448141844444.

841414448. 844 81414441.

84141444. 844 8141144.

84144444. 844 81414444.

8414444444 (nic). See 8144444 1144441444.

84144144. 8448114144.

84144444. 8448144444844441444.

84144444 1141144. 844 8144444 1441144.

8414444448. 8448148448.

INDEX OF PLAOES.

8414444444 8448144444.

841444444. 8448141444.

8411114441. 844 8111144414.

'Sohilvyngtom SeeShilvington.

Sohipton. 844 8114444 under wyohvood„

Sohipton 1441144. 844 8144444 1141144.

84111444. 844 81141444

84114444844844. 8441414444444.

84144414). 8448144144.

84144444. 8448144444.

8414444844. 8448144448144.

84144444. 844 8114444 on 01444411.

8414444444 14444434, 844 8144444 11444444.

844444 44444 84414444 84444.

8444444448 [14 41441441 8114444411, 841444·
4411141414, 76, 89.

84444444, 84444444, 114444,92,101,121,134.

844 [1ιὲ3ἒιιέἱ4ἓ44ι1 Lu 844, 84444444, 314,
84414443ιέξ1Άὸ884441οις1, 84444444, 317, 331,
, .

844404, 847444, 11441448. 205, 209, 212.
.......... 414441 44, 210, 211.

844444 Dalm} [14 4414414444, 84444 84
1414141141441, 01, 82, 83.

8931531132 413 33η

.......... 4....ζὲ 413⁰*

seuvington 411444 [14 soavingtonm. 114 ].
84444144444441144484444444, 1.

4441444444 m
283, 315, 337, 389.

44,-44ῗὸ4414444 44444414,41444441,

84111144, 1141441, 70.
848844. 8440148844.
844, 14. 844844.
8444444444 Vnus.
11141441.
84144444444114444. ,144844ιί4444
8441111 [in FarsdonL Syghale, 114141.. 80.

844 8444143444 84.

8418444411. 844 81414411.

84144444. 8448414444.

8414444, 84114444, 841144444, 114444, 93, 110.
.......... 414ι4144, 141.

Solvor. 84414441411444.
8414441444441444. 844 1144141144.

, 841444444. 844 8144444444.

8414οῇ 8414414441, Samma, 414441 44

8414444441. 84484144.

scoto. 844 81444.

844444. 8448144444 1144441444.

844444 Montis Acuti. See 8144444 1444444414.
844141][1491]41],114444, 93, 108, 110, 139.
8444444444. 8448144444.

84444844. sas-radon.
844448444484141414. 844 844444 11414441.
84441431. 844 8441444431.

 

